[
	[
		0.0,
		0.0,
		0.0,
		0.0,
		0.0,
		0.0,
		0.0,
		0.0,
		0.0,
		0.0,
		0.0,
		0.0,
		0.0,
		0.0,
		0.0,
		0.0,
		0.0,
		0.0,
		0.0,
		0.0,
		0.0,
		0.0,
		0.0,
		0.0,
		0.0,
		0.0,
		0.0,
		0.0,
		0.0,
		0.0,
		0.0,
		0.0,
		0.0,
		0.0,
		0.0,
		0.0,
		0.0,
		0.0,
		0.0,
		0.0,
		0.0,
		0.0,
		0.0,
		0.0,
		0.0,
		0.0,
		0.0,
		0.0,
		0.0,
		0.0017623323939248313,
		0.0025819447002842994,
		0.00372650552664546,
		0.005298492501141729,
		0.007421618044052435,
		0.010240958259637667,
		0.013921252596679541,
		0.01864282626774607,
		0.02459466504257114,
		0.031964343797756055,
		0.04092478392981411,
		0.05161818362632864,
		0.06413790387724361,
		0.07850955716288133,
		0.09467297270850117,
		0.11246702869838276,
		0.13161947376142683,
		0.15174374554922068,
		0.17234439763433804,
		0.19283206953694546,
		0.2125480256502251,
		0.23079723904174118,
		0.24688793333190168,
		0.2601745670014724,
		0.27010059303452566,
		0.2762370682283473,
		0.2783133863265096,
		0.2762370682283473,
		0.27010059303452566,
		0.2601745670014724,
		0.24688793333190168,
		0.23079723904174118,
		0.2125480256502251,
		0.19283206953694546,
		0.17234439763433804,
		0.15174374554922068,
		0.13161947376142683,
		0.11246702869838276,
		0.09467297270850117,
		0.07850955716288133,
		0.06413790387724361,
		0.05161818362632864,
		0.04092478392981411,
		0.031964343797756055,
		0.02459466504257114,
		0.01864282626774607,
		0.013921252596679541,
		0.010240958259637667,
		0.007421618044052435,
		0.005298492501141729,
		0.00372650552664546
	],
	[
		0.0,
		0.0,
		0.0,
		0.0,
		0.0,
		0.0,
		0.0,
		0.0,
		0.0,
		0.0,
		0.0,
		0.0,
		0.0,
		0.0,
		0.0,
		0.0,
		0.0,
		0.0,
		0.0,
		0.0,
		0.0,
		0.0,
		0.0,
		0.0,
		0.0,
		0.0,
		0.0,
		0.0,
		0.0,
		0.0,
		0.0,
		0.0,
		0.0,
		0.0,
		0.0,
		0.0,
		0.0,
		0.0,
		0.0,
		0.0,
		0.0,
		0.0,
		0.0,
		0.0,
		0.0,
		0.0,
		0.0,
		0.0,
		0.0,
		0.0025435639287797536,
		0.00372650552664546,
		0.005378443402986146,
		0.007647282912844749,
		0.010711577461270856,
		0.014780714532144338,
		0.020092461598283436,
		0.02690708097326684,
		0.035497334701646906,
		0.046133948494256095,
		0.059066498780717826,
		0.07450021936478086,
		0.09256985761146852,
		0.11331237986226043,
		0.13664094199358226,
		0.16232299784103363,
		0.18996560860971057,
		0.21901085114672986,
		0.248743650551472,
		0.2783133863265096,
		0.30676930926364526,
		0.33310829109889867,
		0.35633189507199814,
		0.3755084149233788,
		0.3898345896341411,
		0.39869132801485896,
		0.40168806565491133,
		0.39869132801485896,
		0.3898345896341411,
		0.3755084149233788,
		0.35633189507199814,
		0.33310829109889867,
		0.30676930926364526,
		0.2783133863265096,
		0.248743650551472,
		0.21901085114672986,
		0.18996560860971057,
		0.16232299784103363,
		0.13664094199358226,
		0.11331237986226043,
		0.09256985761146852,
		0.07450021936478086,
		0.059066498780717826,
		0.046133948494256095,
		0.035497334701646906,
		0.02690708097326684,
		0.020092461598283436,
		0.014780714532144338,
		0.010711577461270856,
		0.007647282912844749,
		0.005378443402986146
	],
	[
		0.0,
		0.0,
		0.0,
		0.0,
		0.0,
		0.0,
		0.0,
		0.0,
		0.0,
		0.0,
		0.0,
		0.0,
		0.0,
		0.0,
		0.0,
		0.0,
		0.0,
		0.0,
		0.0,
		0.0,
		0.0,
		0.0,
		0.0,
		0.0,
		0.0,
		0.0,
		0.0,
		0.0,
		0.0,
		0.0,
		0.0,
		0.0,
		0.0,
		0.0,
		0.0,
		0.0,
		0.0,
		0.0,
		0.0,
		0.0,
		0.0,
		0.0,
		0.0,
		0.0,
		0.0,
		0.0,
		0.0,
		0.0,
		0.0,
		0.003616539491609435,
		0.005298492501141729,
		0.007647282912844749,
		0.010873208392714178,
		0.015230143212757445,
		0.02101580275411042,
		0.02856825418525983,
		0.03825754872630072,
		0.050471510207715405,
		0.06559506712040655,
		0.08398307707329644,
		0.10592734958132295,
		0.13161947376142683,
		0.16111200981557827,
		0.194281479344447,
		0.23079723904174118,
		0.27010059303452566,
		0.31139826418403693,
		0.3536735307997799,
		0.3957169471168937,
		0.43617670042127266,
		0.4736265033918925,
		0.5066467392726965,
		0.5339126713648463,
		0.554282191477527,
		0.5668750513456433,
		0.5711359310894608,
		0.5668750513456433,
		0.554282191477527,
		0.5339126713648463,
		0.5066467392726965,
		0.4736265033918925,
		0.43617670042127266,
		0.3957169471168937,
		0.3536735307997799,
		0.31139826418403693,
		0.27010059303452566,
		0.23079723904174118,
		0.194281479344447,
		0.16111200981557827,
		0.13161947376142683,
		0.10592734958132295,
		0.08398307707329644,
		0.06559506712040655,
		0.050471510207715405,
		0.03825754872630072,
		0.02856825418525983,
		0.02101580275411042,
		0.015230143212757445,
		0.010873208392714178,
		0.007647282912844749
	],
	[
		0.0,
		0.0,
		0.0,
		0.0,
		0.0,
		0.0,
		0.0,
		0.0,
		0.0,
		0.0,
		0.0,
		0.0,
		0.0,
		0.0,
		0.0,
		0.0,
		0.0,
		0.0,
		0.0,
		0.0,
		0.0,
		0.0,
		0.0,
		0.0,
		0.0,
		0.0,
		0.0,
		0.0,
		0.0,
		0.0,
		0.0,
		0.0,
		0.0,
		0.0,
		0.0,
		0.0,
		0.0,
		0.0,
		0.0,
		0.0,
		0.0,
		0.0,
		0.0,
		0.0,
		0.0,
		0.0,
		0.0,
		0.0,
		0.0,
		0.005065700242507305,
		0.007421618044052435,
		0.010711577461270856,
		0.015230143212757445,
		0.02133291793032583,
		0.029436912649502454,
		0.04001565930360641,
		0.05358749000534516,
		0.0706956310285316,
		0.09187925313412044,
		0.1176354066874522,
		0.14837283035542562,
		0.18435988372277626,
		0.22567018805881,
		0.27213078671287166,
		0.32327854638287645,
		0.37833089969313866,
		0.43617670042127266,
		0.4953918227348209,
		0.554282191477527,
		0.6109543175807508,
		0.6634103951184788,
		0.7096619616497206,
		0.7478534535805675,
		0.7763851157437932,
		0.794023981138676,
		0.7999922111556931,
		0.794023981138676,
		0.7763851157437932,
		0.7478534535805675,
		0.7096619616497206,
		0.6634103951184788,
		0.6109543175807508,
		0.554282191477527,
		0.4953918227348209,
		0.43617670042127266,
		0.37833089969313866,
		0.32327854638287645,
		0.27213078671287166,
		0.22567018805881,
		0.18435988372277626,
		0.14837283035542562,
		0.1176354066874522,
		0.09187925313412044,
		0.0706956310285316,
		0.05358749000534516,
		0.04001565930360641,
		0.029436912649502454,
		0.02133291793032583,
		0.015230143212757445,
		0.010711577461270856
	],
	[
		0.0,
		0.0,
		0.0,
		0.0,
		0.0,
		0.0,
		0.0,
		0.0,
		0.0,
		0.0,
		0.0,
		0.0,
		0.0,
		0.0,
		0.0,
		0.0,
		0.0,
		0.0,
		0.0,
		0.0,
		0.0,
		0.0,
		0.0,
		0.0,
		0.0,
		0.0,
		0.0,
		0.0,
		0.0,
		0.0,
		0.0,
		0.0,
		0.0,
		0.0,
		0.0,
		0.0,
		0.0,
		0.0,
		0.0,
		0.0,
		0.0,
		0.0,
		0.0,
		0.0,
		0.0,
		0.0,
		0.0,
		0.0,
		0.0,
		0.006990069339519246,
		0.010240958259637667,
		0.014780714532144338,
		0.02101580275411042,
		0.029436912649502454,
		0.0001637677120714067,
		0.00026199316232948424,
		0.00041007225977603823,
		0.0006279709957182394,
		0.0009408654880173177,
		0.0013791904803096275,
		0.0019780156460012673,
		0.002775517394851794,
		0.0038103681976734125,
		0.0051179812836891336,
		0.0067257264899414715,
		0.008647458179257321,
		0.010877935961789261,
		0.013387925425055364,
		0.016120883168338204,
		0.01899210645241098,
		0.02189103021886573,
		0.024686983363877618,
		0.027238212741257345,
		0.02940342694683353,
		0.03105460801951877,
		0.03208949724115532,
		0.03244206822254987,
		0.03208949724115532,
		0.03105460801951877,
		0.02940342694683353,
		0.027238212741257345,
		0.024686983363877618,
		0.02189103021886573,
		0.01899210645241098,
		0.016120883168338204,
		0.013387925425055364,
		0.010877935961789261,
		0.008647458179257321,
		0.0067257264899414715,
		0.0051179812836891336,
		0.0038103681976734125,
		0.002775517394851794,
		0.0019780156460012673,
		0.0013791904803096275,
		0.0009408654880173177,
		0.0006279709957182394,
		0.00041007225977603823,
		0.00026199316232948424,
		0.02101580275411042,
		0.014780714532144338
	],
	[
		0.0,
		0.0,
		0.0,
		0.0,
		0.0,
		0.0,
		0.0,
		0.0,
		0.0,
		0.0,
		0.0,
		0.0,
		0.0,
		0.0,
		0.0,
		0.0,
		0.0,
		0.0,
		0.0,
		0.0,
		0.0,
		0.0,
		0.0,
		0.0,
		0.0,
		0.0,
		0.0,
		0.0,
		0.0,
		0.0,
		0.0,
		0.0,
		0.0,
		0.0,
		0.0,
		0.0,
		0.0,
		0.0,
		0.0,
		0.0,
		0.0,
		0.0,
		0.0,
		0.0,
		0.0,
		0.0,
		0.0,
		0.0,
		0.0,
		0.009502091354798214,
		0.013921252596679541,
		0.020092461598283436,
		0.02856825418525983,
		0.04001565930360641,
		0.000279745867104542,
		0.00044753329850126896,
		0.0007004800789825276,
		0.0010726918541617315,
		0.0016071741397924617,
		0.0023559151675045594,
		0.0033788204954326153,
		0.004741102568179065,
		0.006508821195358388,
		0.008742468792665083,
		0.011488798158310285,
		0.01477147513394962,
		0.01858154815408041,
		0.022869079377075587,
		0.02753748210423453,
		0.03244206822254987,
		0.0373939719431273,
		0.04216998259285771,
		0.04652795929858639,
		0.05022654992884371,
		0.053047075874297085,
		0.05481486012799436,
		0.055417117274159496,
		0.05481486012799436,
		0.053047075874297085,
		0.05022654992884371,
		0.04652795929858639,
		0.04216998259285771,
		0.0373939719431273,
		0.03244206822254987,
		0.02753748210423453,
		0.022869079377075587,
		0.01858154815408041,
		0.01477147513394962,
		0.011488798158310285,
		0.008742468792665083,
		0.006508821195358388,
		0.004741102568179065,
		0.0033788204954326153,
		0.0023559151675045594,
		0.0016071741397924617,
		0.0010726918541617315,
		0.0007004800789825276,
		0.00044753329850126896,
		0.02856825418525983,
		0.020092461598283436
	],
	[
		0.0,
		0.0,
		0.0,
		0.0,
		0.0,
		0.0,
		0.0,
		0.0,
		0.0,
		0.0,
		0.0,
		0.0,
		0.0,
		0.0,
		0.0,
		0.0,
		0.0,
		0.0,
		0.0,
		0.0,
		0.0,
		0.0,
		0.0,
		0.0,
		0.0,
		0.0,
		0.0,
		0.0,
		0.0,
		0.0,
		0.0,
		0.0,
		0.0,
		0.0,
		0.0,
		0.0,
		0.0,
		0.0,
		0.0,
		0.0,
		0.0,
		0.0,
		0.0,
		0.0,
		0.0,
		0.0,
		0.0,
		0.0,
		0.0,
		0.01272484908075062,
		0.01864282626774607,
		0.02690708097326684,
		0.03825754872630072,
		0.05358749000534516,
		0.00046752822617227545,
		0.0007479447377255948,
		0.0011706847081795545,
		0.0017927475569040887,
		0.0026860067049581226,
		0.00393734803189835,
		0.00564688933257342,
		0.007923617591723803,
		0.010877935961789261,
		0.014610943029495149,
		0.019200774901167103,
		0.024686983363877618,
		0.03105460801951877,
		0.03822018972441696,
		0.04602230694129357,
		0.05421914813769353,
		0.062495069375136825,
		0.07047702746574164,
		0.07776034192546168,
		0.08394165046309737,
		0.08865548415007685,
		0.09160991219915157,
		0.09261644079655498,
		0.09160991219915157,
		0.08865548415007685,
		0.08394165046309737,
		0.07776034192546168,
		0.07047702746574164,
		0.062495069375136825,
		0.05421914813769353,
		0.04602230694129357,
		0.03822018972441696,
		0.03105460801951877,
		0.024686983363877618,
		0.019200774901167103,
		0.014610943029495149,
		0.010877935961789261,
		0.007923617591723803,
		0.00564688933257342,
		0.00393734803189835,
		0.0026860067049581226,
		0.0017927475569040887,
		0.0011706847081795545,
		0.0007479447377255948,
		0.03825754872630072,
		0.02690708097326684
	],
	[
		0.0,
		0.0,
		0.0,
		0.0,
		0.0,
		0.0,
		0.0,
		0.0,
		0.0,
		0.0,
		0.0,
		0.0,
		0.0,
		0.0,
		0.0,
		0.0,
		0.0,
		0.0,
		0.0,
		0.0,
		0.0,
		0.0,
		0.0,
		0.0,
		0.0,
		0.0,
		0.0,
		0.0,
		0.0,
		0.0,
		0.0,
		0.0,
		0.0,
		0.0,
		0.0,
		0.0,
		0.0,
		0.0,
		0.0,
		0.0,
		0.0,
		0.0,
		0.0,
		0.0,
		0.0,
		0.0,
		0.0,
		0.0,
		0.0,
		0.016787336660417655,
		0.02459466504257114,
		0.035497334701646906,
		0.050471510207715405,
		0.0706956310285316,
		0.0007644705361262237,
		0.0012229886510235688,
		0.0019142244604650283,
		0.0029313795600876547,
		0.004391976507149619,
		0.006438085215739978,
		0.009233411532948098,
		0.012956163605343999,
		0.01778686520114301,
		0.023890825891979543,
		0.03139580855450944,
		0.04036648559603444,
		0.050778394785352204,
		0.062495069375136825,
		0.07525256378469895,
		0.08865548415007685,
		0.10218771085032188,
		0.11523926889382118,
		0.1271484521219294,
		0.13725570979579385,
		0.14496345184037193,
		0.1497943327758692,
		0.15144014026600314,
		0.1497943327758692,
		0.14496345184037193,
		0.13725570979579385,
		0.1271484521219294,
		0.11523926889382118,
		0.10218771085032188,
		0.08865548415007685,
		0.07525256378469895,
		0.062495069375136825,
		0.050778394785352204,
		0.04036648559603444,
		0.03139580855450944,
		0.023890825891979543,
		0.01778686520114301,
		0.012956163605343999,
		0.009233411532948098,
		0.006438085215739978,
		0.004391976507149619,
		0.0029313795600876547,
		0.0019142244604650283,
		0.0012229886510235688,
		0.050471510207715405,
		0.035497334701646906
	],
	[
		0.0,
		0.0,
		0.0,
		0.0,
		0.0,
		0.0,
		0.0,
		0.0,
		0.0,
		0.0,
		0.0,
		0.0,
		0.0,
		0.0,
		0.0,
		0.0,
		0.0,
		0.0,
		0.0,
		0.0,
		0.0,
		0.0,
		0.0,
		0.0,
		0.0,
		0.0,
		0.0,
		0.0,
		0.0,
		0.0,
		0.0,
		0.0,
		0.0,
		0.0,
		0.0,
		0.0,
		0.0,
		0.0,
		0.0,
		0.0,
		0.0,
		0.0,
		0.0,
		0.0,
		0.0,
		0.0,
		0.0,
		0.0,
		0.0,
		0.021817585217504074,
		0.031964343797756055,
		0.046133948494256095,
		0.06559506712040655,
		0.09187925313412044,
		0.0012229886510235688,
		0.001956519146063583,
		0.003062347965067811,
		0.004689577641534804,
		0.007026219023461806,
		0.010299553457051192,
		0.01477147513394962,
		0.020727078809907287,
		0.028455163737915744,
		0.03822018972441696,
		0.05022654992884371,
		0.06457770631137208,
		0.08123452455651782,
		0.09997868718135028,
		0.12038793795176198,
		0.14182973161524384,
		0.16347838763976474,
		0.18435807706018142,
		0.20341021215585225,
		0.21957965341482313,
		0.23191038507820788,
		0.23963875691121175,
		0.24227169537919094,
		0.23963875691121175,
		0.23191038507820788,
		0.21957965341482313,
		0.20341021215585225,
		0.18435807706018142,
		0.16347838763976474,
		0.14182973161524384,
		0.12038793795176198,
		0.09997868718135028,
		0.08123452455651782,
		0.06457770631137208,
		0.05022654992884371,
		0.03822018972441696,
		0.028455163737915744,
		0.020727078809907287,
		0.01477147513394962,
		0.010299553457051192,
		0.007026219023461806,
		0.004689577641534804,
		0.003062347965067811,
		0.001956519146063583,
		0.06559506712040655,
		0.046133948494256095
	],
	[
		0.0,
		0.0,
		0.0,
		0.0,
		0.0,
		0.0,
		0.0,
		0.0,
		0.0,
		0.0,
		0.0,
		0.0,
		0.0,
		0.0,
		0.0,
		0.0,
		0.0,
		0.0,
		0.0,
		0.0,
		0.0,
		0.0,
		0.0,
		0.0,
		0.0,
		0.0,
		0.0,
		0.0,
		0.0,
		0.0,
		0.0,
		0.0,
		0.0,
		0.0,
		0.0,
		0.0,
		0.0,
		0.0,
		0.0,
		0.0,
		0.0,
		0.0,
		0.0,
		0.0,
		0.0,
		0.0,
		0.0,
		0.0,
		0.0,
		0.027933623995101128,
		0.04092478392981411,
		0.059066498780717826,
		0.08398307707329644,
		0.1176354066874522,
		0.0019142244604650283,
		0.003062347965067811,
		0.004793193605093509,
		0.007340136985868731,
		0.01099745309005003,
		0.016120883168338204,
		0.02312034457138421,
		0.03244206822254987,
		0.04453808333222713,
		0.059822322956848965,
		0.07861470370807859,
		0.10107716446795784,
		0.1271484521219294,
		0.15648685567731707,
		0.18843145877055859,
		0.22199220021532118,
		0.25587672307139864,
		0.288557657748939,
		0.31837810047642795,
		0.3436865446259869,
		0.3629866322807061,
		0.3750830964546978,
		0.37920417739366385,
		0.3750830964546978,
		0.3629866322807061,
		0.3436865446259869,
		0.31837810047642795,
		0.288557657748939,
		0.25587672307139864,
		0.22199220021532118,
		0.18843145877055859,
		0.15648685567731707,
		0.1271484521219294,
		0.10107716446795784,
		0.07861470370807859,
		0.059822322956848965,
		0.04453808333222713,
		0.03244206822254987,
		0.02312034457138421,
		0.016120883168338204,
		0.01099745309005003,
		0.007340136985868731,
		0.004793193605093509,
		0.003062347965067811,
		0.08398307707329644,
		0.059066498780717826
	],
	[
		0.0,
		0.0,
		0.0,
		0.0,
		0.0,
		0.0,
		0.0,
		0.0,
		0.0,
		0.0,
		0.0,
		0.0,
		0.0,
		0.0,
		0.0,
		0.0,
		0.0,
		0.0,
		0.0,
		0.0,
		0.0,
		0.0,
		0.0,
		0.0,
		0.0,
		0.0,
		0.0,
		0.0,
		0.0,
		0.0,
		0.0,
		0.0,
		0.0,
		0.0,
		0.0,
		0.0,
		0.0,
		0.0,
		0.0,
		0.0,
		0.0,
		0.0,
		0.0,
		0.0,
		0.0,
		0.0,
		0.0,
		0.0,
		0.0,
		0.03523251180020337,
		0.05161818362632864,
		0.07450021936478086,
		0.10592734958132295,
		0.14837283035542562,
		0.0029313795600876547,
		0.004689577641534804,
		0.007340136985868731,
		0.011240441219412638,
		0.016841133245870187,
		0.024686983363877618,
		0.03540572534648033,
		0.04968070236206729,
		0.06820413688259658,
		0.09160991219915157,
		0.12038793795176198,
		0.15478620194886133,
		0.1947109032116651,
		0.23963875691121175,
		0.288557657748939,
		0.3399514590112341,
		0.3918410883389771,
		0.4418875828315971,
		0.48755361525858276,
		0.5263101233953636,
		0.5558656345840564,
		0.5743897567867143,
		0.5807006428293146,
		0.5743897567867143,
		0.5558656345840564,
		0.5263101233953636,
		0.48755361525858276,
		0.4418875828315971,
		0.3918410883389771,
		0.3399514590112341,
		0.288557657748939,
		0.23963875691121175,
		0.1947109032116651,
		0.15478620194886133,
		0.12038793795176198,
		0.09160991219915157,
		0.06820413688259658,
		0.04968070236206729,
		0.03540572534648033,
		0.024686983363877618,
		0.016841133245870187,
		0.011240441219412638,
		0.007340136985868731,
		0.004689577641534804,
		0.10592734958132295,
		0.07450021936478086
	],
	[
		0.0,
		0.0,
		0.0,
		0.0,
		0.0,
		0.0,
		0.0,
		0.0,
		0.0,
		0.0,
		0.0,
		0.0,
		0.0,
		0.0,
		0.0,
		0.0,
		0.0,
		0.0,
		0.0,
		0.0,
		0.0,
		0.0,
		0.0,
		0.0,
		0.0,
		0.0,
		0.0,
		0.0,
		0.0,
		0.0,
		0.0,
		0.0,
		0.0,
		0.0,
		0.0,
		0.0,
		0.0,
		0.0,
		0.0,
		0.0,
		0.0,
		0.0,
		0.0,
		0.0,
		0.0,
		0.0,
		0.0,
		0.0,
		0.0,
		0.04377797311803669,
		0.06413790387724361,
		0.09256985761146852,
		0.13161947376142683,
		0.18435988372277626,
		0.004391976507149619,
		0.007026219023461806,
		0.01099745309005003,
		0.016841133245870187,
		0.025232440921920892,
		0.03698758510934757,
		0.053047075874297085,
		0.07443474076293538,
		0.10218771085032188,
		0.13725570979579385,
		0.18037275091476523,
		0.23191038507820788,
		0.2917280737830977,
		0.35904179891501625,
		0.4323351609075026,
		0.5093365737679943,
		0.5870808672996495,
		0.6620636607493682,
		0.7304833714974559,
		0.7885508000739195,
		0.8328327185825052,
		0.8605867189983404,
		0.8700420838428603,
		0.8605867189983404,
		0.8328327185825052,
		0.7885508000739195,
		0.7304833714974559,
		0.6620636607493682,
		0.5870808672996495,
		0.5093365737679943,
		0.4323351609075026,
		0.35904179891501625,
		0.2917280737830977,
		0.23191038507820788,
		0.18037275091476523,
		0.13725570979579385,
		0.10218771085032188,
		0.07443474076293538,
		0.053047075874297085,
		0.03698758510934757,
		0.025232440921920892,
		0.016841133245870187,
		0.01099745309005003,
		0.007026219023461806,
		0.13161947376142683,
		0.09256985761146852
	],
	[
		0.0,
		0.0,
		0.0,
		0.0,
		0.0,
		0.0,
		0.0,
		0.0,
		0.0,
		0.0,
		0.0,
		0.0,
		0.0,
		0.0,
		0.0,
		0.0,
		0.0,
		0.0,
		0.0,
		0.0,
		0.0,
		0.0,
		0.0,
		0.0,
		0.0,
		0.0,
		0.0,
		0.0,
		0.0,
		0.0,
		0.0,
		0.0,
		0.0,
		0.0,
		0.0,
		0.0,
		0.0,
		0.0,
		0.0,
		0.0,
		0.0,
		0.0,
		0.0,
		0.0,
		0.0,
		0.0,
		0.0,
		0.0,
		0.0,
		0.05358749000534516,
		0.07850955716288133,
		0.11331237986226043,
		0.16111200981557827,
		0.22567018805881,
		0.006438085215739978,
		0.010299553457051192,
		0.016120883168338204,
		0.024686983363877618,
		0.03698758510934757,
		0.05421914813769353,
		0.07776034192546168,
		0.10911196889673332,
		0.1497943327758692,
		0.20119960900831269,
		0.2644037688034794,
		0.3399514590112341,
		0.42763666786054677,
		0.5263101233953636,
		0.6337489745566939,
		0.7466233619586333,
		0.8605867189983404,
		0.9705020642096972,
		1.0707967555668576,
		1.1559163031841075,
		1.2208280267351415,
		1.261511900946207,
		1.275372276682697,
		1.261511900946207,
		1.2208280267351415,
		1.1559163031841075,
		1.0707967555668576,
		0.9705020642096972,
		0.8605867189983404,
		0.7466233619586333,
		0.6337489745566939,
		0.5263101233953636,
		0.42763666786054677,
		0.3399514590112341,
		0.2644037688034794,
		0.20119960900831269,
		0.1497943327758692,
		0.10911196889673332,
		0.07776034192546168,
		0.05421914813769353,
		0.03698758510934757,
		0.024686983363877618,
		0.016120883168338204,
		0.010299553457051192,
		0.16111200981557827,
		0.11331237986226043
	],
	[
		0.0,
		0.0,
		0.0,
		0.0,
		0.0,
		0.0,
		0.0,
		0.0,
		0.0,
		0.0,
		0.0,
		0.0,
		0.0,
		0.0,
		0.0,
		0.0,
		0.0,
		0.0,
		0.0,
		0.0,
		0.0,
		0.0,
		0.0,
		0.0,
		0.0,
		0.0,
		0.0,
		0.0,
		0.0,
		0.0,
		0.0,
		0.0,
		0.0,
		0.0,
		0.0,
		0.0,
		0.0,
		0.0,
		0.0,
		0.0,
		0.0,
		0.0,
		0.0,
		0.0,
		0.0,
		0.0,
		0.0,
		0.0,
		0.0,
		0.0646199922930113,
		0.09467297270850117,
		0.13664094199358226,
		0.194281479344447,
		0.27213078671287166,
		0.009233411532948098,
		0.01477147513394962,
		0.02312034457138421,
		0.03540572534648033,
		0.053047075874297085,
		0.07776034192546168,
		0.11152279192968408,
		0.15648685567731707,
		0.2148329314501009,
		0.288557657748939,
		0.37920417739366385,
		0.48755361525858276,
		0.6133105121506576,
		0.7548265983471497,
		0.9089138920310526,
		1.0707967555668576,
		1.2342414040861562,
		1.3918804508078855,
		1.535721690685639,
		1.6577989522178336,
		1.7508944358554734,
		1.8092426777251303,
		1.8291210342376258,
		1.8092426777251303,
		1.7508944358554734,
		1.6577989522178336,
		1.535721690685639,
		1.3918804508078855,
		1.2342414040861562,
		1.0707967555668576,
		0.9089138920310526,
		0.7548265983471497,
		0.6133105121506576,
		0.48755361525858276,
		0.37920417739366385,
		0.288557657748939,
		0.2148329314501009,
		0.15648685567731707,
		0.11152279192968408,
		0.07776034192546168,
		0.053047075874297085,
		0.03540572534648033,
		0.02312034457138421,
		0.01477147513394962,
		0.194281479344447,
		0.13664094199358226
	],
	[
		0.0,
		0.0,
		0.0,
		0.0,
		0.0,
		0.0,
		0.0,
		0.0,
		0.0,
		0.0,
		0.0,
		0.0,
		0.0,
		0.0,
		0.0,
		0.0,
		0.0,
		0.0,
		0.0,
		0.0,
		0.0,
		0.0,
		0.0,
		0.0,
		0.0,
		0.0,
		0.0,
		0.0,
		0.0,
		0.0,
		0.0,
		0.0,
		0.0,
		0.0,
		0.0,
		0.0,
		0.0,
		0.0,
		0.0,
		0.0,
		0.0,
		0.0,
		0.0,
		0.0,
		0.0,
		0.0,
		0.0,
		0.0,
		0.0,
		0.07676550466081201,
		0.11246702869838276,
		0.16232299784103363,
		0.23079723904174118,
		0.32327854638287645,
		0.012956163605343999,
		0.020727078809907287,
		0.03244206822254987,
		0.04968070236206729,
		0.07443474076293538,
		0.10911196889673332,
		0.15648685567731707,
		0.21957965341482313,
		0.30144985932349705,
		0.40489912206657924,
		0.5320927529993386,
		0.6841268130556583,
		0.8605867189983404,
		1.059159647217462,
		1.275372276682697,
		1.5025235151374399,
		1.731866223309557,
		1.9530626112999765,
		2.1548981550100783,
		2.326194860161753,
		2.4568248350766444,
		2.5386980804150436,
		2.566591046981325,
		2.5386980804150436,
		2.4568248350766444,
		2.326194860161753,
		2.1548981550100783,
		1.9530626112999765,
		1.731866223309557,
		1.5025235151374399,
		1.275372276682697,
		1.059159647217462,
		0.8605867189983404,
		0.6841268130556583,
		0.5320927529993386,
		0.40489912206657924,
		0.30144985932349705,
		0.21957965341482313,
		0.15648685567731707,
		0.10911196889673332,
		0.07443474076293538,
		0.04968070236206729,
		0.03244206822254987,
		0.020727078809907287,
		0.23079723904174118,
		0.16232299784103363
	],
	[
		0.0,
		0.0,
		0.0,
		0.0,
		0.0,
		0.0,
		0.0,
		0.0,
		0.0,
		0.0,
		0.0,
		0.0,
		0.0,
		0.0,
		0.0,
		0.0,
		0.0,
		0.0,
		0.0,
		0.0,
		0.0,
		0.0,
		0.0,
		0.0,
		0.0,
		0.0,
		0.0,
		0.0,
		0.0,
		0.0,
		0.0,
		0.0,
		0.0,
		0.0,
		0.0,
		0.0,
		0.0,
		0.0,
		0.0,
		0.0,
		0.0,
		0.0,
		0.0,
		0.0,
		0.0,
		0.0,
		0.0,
		0.0,
		0.0,
		0.08983819918976595,
		0.13161947376142683,
		0.18996560860971057,
		0.27010059303452566,
		0.37833089969313866,
		0.01778686520114301,
		0.028455163737915744,
		0.04453808333222713,
		0.06820413688259658,
		0.10218771085032188,
		0.1497943327758692,
		0.2148329314501009,
		0.30144985932349705,
		0.41384534620101404,
		0.5558656345840564,
		0.7304833714974559,
		0.9392032838555272,
		1.1814562111892222,
		1.4540669943204987,
		1.7508944358554734,
		2.062738943360821,
		2.377592009390332,
		2.6812614022762404,
		2.9583512660759084,
		3.1935158947994955,
		3.372851215486671,
		3.4852508750443456,
		3.5235437255737896,
		3.4852508750443456,
		3.372851215486671,
		3.1935158947994955,
		2.9583512660759084,
		2.6812614022762404,
		2.377592009390332,
		2.062738943360821,
		1.7508944358554734,
		1.4540669943204987,
		1.1814562111892222,
		0.9392032838555272,
		0.7304833714974559,
		0.5558656345840564,
		0.41384534620101404,
		0.30144985932349705,
		0.2148329314501009,
		0.1497943327758692,
		0.10218771085032188,
		0.06820413688259658,
		0.04453808333222713,
		0.028455163737915744,
		0.27010059303452566,
		0.18996560860971057
	],
	[
		0.0,
		0.0,
		0.0,
		0.0,
		0.0,
		0.0,
		0.0,
		0.0,
		0.0,
		0.0,
		0.0,
		0.0,
		0.0,
		0.0,
		0.0,
		0.0,
		0.0,
		0.0,
		0.0,
		0.0,
		0.0,
		0.0,
		0.0,
		0.0,
		0.0,
		0.0,
		0.0,
		0.0,
		0.0,
		0.0,
		0.0,
		0.0,
		0.0,
		0.0,
		0.0,
		0.0,
		0.0,
		0.0,
		0.0,
		0.0,
		0.0,
		0.0,
		0.0,
		0.0,
		0.0,
		0.0,
		0.0,
		0.0,
		0.0,
		0.10357422385050781,
		0.15174374554922068,
		0.21901085114672986,
		0.31139826418403693,
		0.43617670042127266,
		0.023890825891979543,
		0.03822018972441696,
		0.059822322956848965,
		0.09160991219915157,
		0.13725570979579385,
		0.20119960900831269,
		0.288557657748939,
		0.40489912206657924,
		0.5558656345840564,
		0.7466233619586333,
		0.9811650815406446,
		1.261511900946207,
		1.5868993395590412,
		1.9530626112999765,
		2.3517530295091453,
		2.770613955812314,
		3.1935158947994955,
		3.6013962330220037,
		3.973575682160956,
		4.2894423139284354,
		4.53032056168984,
		4.681292678836015,
		4.73272657764623,
		4.681292678836015,
		4.53032056168984,
		4.2894423139284354,
		3.973575682160956,
		3.6013962330220037,
		3.1935158947994955,
		2.770613955812314,
		2.3517530295091453,
		1.9530626112999765,
		1.5868993395590412,
		1.261511900946207,
		0.9811650815406446,
		0.7466233619586333,
		0.5558656345840564,
		0.40489912206657924,
		0.288557657748939,
		0.20119960900831269,
		0.13725570979579385,
		0.09160991219915157,
		0.059822322956848965,
		0.03822018972441696,
		0.31139826418403693,
		0.21901085114672986
	],
	[
		0.0,
		0.0,
		0.0,
		0.0,
		0.0,
		0.0,
		0.0,
		0.0,
		0.0,
		0.0,
		0.0,
		0.0,
		0.0,
		0.0,
		0.0,
		0.0,
		0.0,
		0.0,
		0.0,
		0.0,
		0.0,
		0.0,
		0.0,
		0.0,
		0.0,
		0.0,
		0.0,
		0.0,
		0.0,
		0.0,
		0.0,
		0.0,
		0.0,
		0.0,
		0.0,
		0.0,
		0.0,
		0.0,
		0.0,
		0.0,
		0.0,
		0.0,
		0.0,
		0.0,
		0.0,
		0.0,
		0.0,
		0.0,
		0.0,
		0.1176354066874522,
		0.17234439763433804,
		0.248743650551472,
		0.3536735307997799,
		0.4953918227348209,
		0.03139580855450944,
		0.05022654992884371,
		0.07861470370807859,
		0.12038793795176198,
		0.18037275091476523,
		0.2644037688034794,
		0.37920417739366385,
		0.5320927529993386,
		0.7304833714974559,
		0.9811650815406446,
		1.2893849379548314,
		1.6577989522178336,
		2.085402492376749,
		2.566591046981325,
		3.090524715043198,
		3.6409651859016607,
		4.196716099403137,
		4.73272657764623,
		5.221821211122761,
		5.636913110606182,
		5.953460030576896,
		6.1518580143226815,
		6.219449182897545,
		6.1518580143226815,
		5.953460030576896,
		5.636913110606182,
		5.221821211122761,
		4.73272657764623,
		4.196716099403137,
		3.6409651859016607,
		3.090524715043198,
		2.566591046981325,
		2.085402492376749,
		1.6577989522178336,
		1.2893849379548314,
		0.9811650815406446,
		0.7304833714974559,
		0.5320927529993386,
		0.37920417739366385,
		0.2644037688034794,
		0.18037275091476523,
		0.12038793795176198,
		0.07861470370807859,
		0.05022654992884371,
		0.3536735307997799,
		0.248743650551472
	],
	[
		0.0,
		0.0,
		0.0,
		0.0,
		0.0,
		0.0,
		0.0,
		0.0,
		0.0,
		0.0,
		0.0,
		0.0,
		0.0,
		0.0,
		0.0,
		0.0,
		0.0,
		0.0,
		0.0,
		0.0,
		0.0,
		0.0,
		0.0,
		0.0,
		0.0,
		0.0,
		0.0,
		0.0,
		0.0,
		0.0,
		0.0,
		0.0,
		0.0,
		0.0,
		0.0,
		0.0,
		0.0,
		0.0,
		0.0,
		0.0,
		0.0,
		0.0,
		0.0,
		0.0,
		0.0,
		0.0,
		0.0,
		0.0,
		0.0,
		0.13161947376142683,
		0.19283206953694546,
		0.2783133863265096,
		0.3957169471168937,
		0.554282191477527,
		0.04036648559603444,
		0.06457770631137208,
		0.10107716446795784,
		0.15478620194886133,
		0.23191038507820788,
		0.3399514590112341,
		0.48755361525858276,
		0.6841268130556583,
		0.9392032838555272,
		1.261511900946207,
		1.6577989522178336,
		2.1314793473032045,
		2.6812614022762404,
		3.2999392370801592,
		3.973575682160956,
		4.681292678836015,
		5.395837462923705,
		6.085001406950099,
		6.713844312621733,
		7.247539794693384,
		7.654533188836487,
		7.909619129345133,
		7.996523020606903,
		7.909619129345133,
		7.654533188836487,
		7.247539794693384,
		6.713844312621733,
		6.085001406950099,
		5.395837462923705,
		4.681292678836015,
		3.973575682160956,
		3.2999392370801592,
		2.6812614022762404,
		2.1314793473032045,
		1.6577989522178336,
		1.261511900946207,
		0.9392032838555272,
		0.6841268130556583,
		0.48755361525858276,
		0.3399514590112341,
		0.23191038507820788,
		0.15478620194886133,
		0.10107716446795784,
		0.06457770631137208,
		0.3957169471168937,
		0.2783133863265096
	],
	[
		0.0,
		0.0,
		0.0,
		0.0,
		0.0,
		0.0,
		0.0,
		0.0,
		0.0,
		0.0,
		0.0,
		0.0,
		0.0,
		0.0,
		0.0,
		0.0,
		0.0,
		0.0,
		0.0,
		0.0,
		0.0,
		0.0,
		0.0,
		0.0,
		0.0,
		0.0,
		0.0,
		0.0,
		0.0,
		0.0,
		0.0,
		0.0,
		0.0,
		0.0,
		0.0,
		0.0,
		0.0,
		0.0,
		0.0,
		0.0,
		0.0,
		0.0,
		0.0,
		0.0,
		0.0,
		0.0,
		0.0,
		0.0,
		0.0,
		0.14507679844069163,
		0.2125480256502251,
		0.30676930926364526,
		0.43617670042127266,
		0.6109543175807508,
		0.050778394785352204,
		0.08123452455651782,
		0.1271484521219294,
		0.1947109032116651,
		0.2917280737830977,
		0.42763666786054677,
		0.6133105121506576,
		0.8605867189983404,
		1.1814562111892222,
		1.5868993395590412,
		2.085402492376749,
		2.6812614022762404,
		3.372851215486671,
		4.151107406897758,
		4.998497930126125,
		5.888759554908251,
		6.787610089020227,
		7.654533188836487,
		8.445576373564446,
		9.116930331771185,
		9.628901362631977,
		9.949782767096213,
		10.059102169905628,
		9.949782767096213,
		9.628901362631977,
		9.116930331771185,
		8.445576373564446,
		7.654533188836487,
		6.787610089020227,
		5.888759554908251,
		4.998497930126125,
		4.151107406897758,
		3.372851215486671,
		2.6812614022762404,
		2.085402492376749,
		1.5868993395590412,
		1.1814562111892222,
		0.8605867189983404,
		0.6133105121506576,
		0.42763666786054677,
		0.2917280737830977,
		0.1947109032116651,
		0.1271484521219294,
		0.08123452455651782,
		0.43617670042127266,
		0.30676930926364526
	],
	[
		0.0,
		0.0,
		0.0,
		0.0,
		0.0,
		0.0,
		0.0,
		0.0,
		0.0,
		0.0,
		0.0,
		0.0,
		0.0,
		0.0,
		0.0,
		0.0,
		0.0,
		0.0,
		0.0,
		0.0,
		0.0,
		0.0,
		0.0,
		0.0,
		0.0,
		0.0,
		0.0,
		0.0,
		0.0,
		0.0,
		0.0,
		0.0,
		0.0,
		0.0,
		0.0,
		0.0,
		0.0,
		0.0,
		0.0,
		0.0,
		0.0,
		0.0,
		0.0,
		0.0,
		0.0,
		0.0,
		0.0,
		0.0,
		0.0,
		0.15753298308321104,
		0.23079723904174118,
		0.33310829109889867,
		0.4736265033918925,
		0.6634103951184788,
		0.062495069375136825,
		0.09997868718135028,
		0.15648685567731707,
		0.23963875691121175,
		0.35904179891501625,
		0.5263101233953636,
		0.7548265983471497,
		1.059159647217462,
		1.4540669943204987,
		1.9530626112999765,
		2.566591046981325,
		3.2999392370801592,
		4.151107406897758,
		5.108939470700921,
		6.1518580143226815,
		7.247539794693384,
		8.353792300796842,
		9.420750393799702,
		10.394319938825248,
		11.220583005445578,
		11.850686915326067,
		12.245608923356313,
		12.38015283108523,
		12.245608923356313,
		11.850686915326067,
		11.220583005445578,
		10.394319938825248,
		9.420750393799702,
		8.353792300796842,
		7.247539794693384,
		6.1518580143226815,
		5.108939470700921,
		4.151107406897758,
		3.2999392370801592,
		2.566591046981325,
		1.9530626112999765,
		1.4540669943204987,
		1.059159647217462,
		0.7548265983471497,
		0.5263101233953636,
		0.35904179891501625,
		0.23963875691121175,
		0.15648685567731707,
		0.09997868718135028,
		0.4736265033918925,
		0.33310829109889867
	],
	[
		0.0,
		0.0,
		0.0,
		0.0,
		0.0,
		0.0,
		0.0,
		0.0,
		0.0,
		0.0,
		0.0,
		0.0,
		0.0,
		0.0,
		0.0,
		0.0,
		0.0,
		0.0,
		0.0,
		0.0,
		0.0,
		0.0,
		0.0,
		0.0,
		0.0,
		0.0,
		0.0,
		0.0,
		0.0,
		0.0,
		0.0,
		0.0,
		0.0,
		0.0,
		0.0,
		0.0,
		0.0,
		0.0,
		0.0,
		0.0,
		0.0,
		0.0,
		0.0,
		0.0,
		0.0,
		0.0,
		0.0,
		0.0,
		0.0,
		0.1685158487445742,
		0.24688793333190168,
		0.35633189507199814,
		0.5066467392726965,
		0.7096619616497206,
		0.07525256378469895,
		0.12038793795176198,
		0.18843145877055859,
		0.288557657748939,
		0.4323351609075026,
		0.6337489745566939,
		0.9089138920310526,
		1.275372276682697,
		1.7508944358554734,
		2.3517530295091453,
		3.090524715043198,
		3.973575682160956,
		4.998497930126125,
		6.1518580143226815,
		7.407673793245,
		8.727023685796397,
		10.059102169905628,
		11.343864836018325,
		12.516174988137662,
		13.511108104389624,
		14.269838915369956,
		14.745378728293197,
		14.907387893167268,
		14.745378728293197,
		14.269838915369956,
		13.511108104389624,
		12.516174988137662,
		11.343864836018325,
		10.059102169905628,
		8.727023685796397,
		7.407673793245,
		6.1518580143226815,
		4.998497930126125,
		3.973575682160956,
		3.090524715043198,
		2.3517530295091453,
		1.7508944358554734,
		1.275372276682697,
		0.9089138920310526,
		0.6337489745566939,
		0.4323351609075026,
		0.288557657748939,
		0.18843145877055859,
		0.12038793795176198,
		0.5066467392726965,
		0.35633189507199814
	],
	[
		0.0,
		0.0,
		0.0,
		0.0,
		0.0,
		0.0,
		0.0,
		0.0,
		0.0,
		0.0,
		0.0,
		0.0,
		0.0,
		0.0,
		0.0,
		0.0,
		0.0,
		0.0,
		0.0,
		0.0,
		0.0,
		0.0,
		0.0,
		0.0,
		0.0,
		0.0,
		0.0,
		0.0,
		0.0,
		0.0,
		0.0,
		0.0,
		0.0,
		0.0,
		0.0,
		0.0,
		0.0,
		0.0,
		0.0,
		0.0,
		0.0,
		0.0,
		0.0,
		0.0,
		0.0,
		0.0,
		0.0,
		0.0,
		0.0,
		0.17758477455058339,
		0.2601745670014724,
		0.3755084149233788,
		0.5339126713648463,
		0.7478534535805675,
		0.08865548415007685,
		0.14182973161524384,
		0.22199220021532118,
		0.3399514590112341,
		0.5093365737679943,
		0.7466233619586333,
		1.0707967555668576,
		1.5025235151374399,
		2.062738943360821,
		2.770613955812314,
		3.6409651859016607,
		4.681292678836015,
		5.888759554908251,
		7.247539794693384,
		8.727023685796397,
		10.281357486597463,
		11.850686915326067,
		13.364273303001061,
		14.745378728293197,
		15.917515233444364,
		16.811380425592393,
		17.371616651802128,
		17.562480593524477,
		17.371616651802128,
		16.811380425592393,
		15.917515233444364,
		14.745378728293197,
		13.364273303001061,
		11.850686915326067,
		10.281357486597463,
		8.727023685796397,
		7.247539794693384,
		5.888759554908251,
		4.681292678836015,
		3.6409651859016607,
		2.770613955812314,
		2.062738943360821,
		1.5025235151374399,
		1.0707967555668576,
		0.7466233619586333,
		0.5093365737679943,
		0.3399514590112341,
		0.22199220021532118,
		0.14182973161524384,
		0.5339126713648463,
		0.3755084149233788
	],
	[
		0.37404542255673306,
		0.40260017279484156,
		0.42076898901815424,
		0.42700567508782017,
		0.42076898901815424,
		0.40260017279484156,
		0.37404542255673306,
		0.33743869804052296,
		0.29558717309694477,
		0.2514180399842858,
		0.20764785233655497,
		0.1665246792708259,
		0.1296731088786854,
		0.09804859961796113,
		0.07198682550480676,
		0.0,
		0.0,
		0.0,
		0.0,
		0.0,
		0.0,
		0.0,
		0.0,
		0.0,
		0.0,
		0.0,
		0.0,
		0.0,
		0.0,
		0.0,
		0.0,
		0.0,
		0.0,
		0.0,
		0.0,
		0.0,
		0.0,
		0.0,
		0.0,
		0.0,
		0.0,
		0.0,
		0.0,
		0.0,
		0.0,
		0.0,
		0.0,
		0.0,
		0.0,
		0.18435988372277626,
		0.27010059303452566,
		0.3898345896341411,
		0.554282191477527,
		0.7763851157437932,
		0.10218771085032188,
		0.16347838763976474,
		0.25587672307139864,
		0.3918410883389771,
		0.5870808672996495,
		0.8605867189983404,
		1.2342414040861562,
		1.731866223309557,
		2.377592009390332,
		3.1935158947994955,
		4.196716099403137,
		5.395837462923705,
		6.787610089020227,
		8.353792300796842,
		10.059102169905628,
		11.850686915326067,
		13.659556196558011,
		15.404173911000683,
		16.9960889877336,
		18.347138473434143,
		19.377441772435542,
		20.0,
		20.0,
		20.0,
		19.377441772435542,
		18.347138473434143,
		16.9960889877336,
		15.404173911000683,
		13.659556196558011,
		11.850686915326067,
		10.059102169905628,
		8.353792300796842,
		6.787610089020227,
		5.395837462923705,
		4.196716099403137,
		3.1935158947994955,
		2.377592009390332,
		1.731866223309557,
		1.2342414040861562,
		0.8605867189983404,
		0.5870808672996495,
		0.3918410883389771,
		0.25587672307139864,
		0.16347838763976474,
		0.554282191477527,
		0.3898345896341411
	],
	[
		0.6078435147549158,
		0.6542464880329755,
		0.6837717714507654,
		0.6939067148357061,
		0.6837717714507654,
		0.6542464880329755,
		0.6078435147549158,
		0.5483556591316505,
		0.48034472654043797,
		0.40856755859286314,
		0.33743869804052296,
		0.27061137561725224,
		0.21072563254817497,
		0.15933413915669425,
		0.11698238340091908,
		0.0,
		0.0,
		0.0,
		0.0,
		0.0,
		0.0,
		0.0,
		0.0,
		0.0,
		0.0,
		0.0,
		0.0,
		0.0,
		0.0,
		0.0,
		0.0,
		0.0,
		0.0,
		0.0,
		0.0,
		0.0,
		0.0,
		0.0,
		0.0,
		0.0,
		0.0,
		0.0,
		0.0,
		0.0,
		0.0,
		0.0,
		0.0,
		0.0,
		0.0,
		0.18854839675227578,
		0.2762370682283473,
		0.39869132801485896,
		0.5668750513456433,
		0.794023981138676,
		0.11523926889382118,
		0.18435807706018142,
		0.288557657748939,
		0.4418875828315971,
		0.6620636607493682,
		0.9705020642096972,
		1.3918804508078855,
		1.9530626112999765,
		2.6812614022762404,
		3.6013962330220037,
		4.73272657764623,
		6.085001406950099,
		7.654533188836487,
		9.420750393799702,
		11.343864836018325,
		13.364273303001061,
		15.404173911000683,
		17.371616651802128,
		19.166853359398598,
		20.0,
		20.0,
		20.0,
		20.0,
		20.0,
		20.0,
		20.0,
		19.166853359398598,
		17.371616651802128,
		15.404173911000683,
		13.364273303001061,
		11.343864836018325,
		9.420750393799702,
		7.654533188836487,
		6.085001406950099,
		4.73272657764623,
		3.6013962330220037,
		2.6812614022762404,
		1.9530626112999765,
		1.3918804508078855,
		0.9705020642096972,
		0.6620636607493682,
		0.4418875828315971,
		0.288557657748939,
		0.18435807706018142,
		0.5668750513456433,
		0.39869132801485896
	],
	[
		0.9591342188540621,
		1.0323548397000424,
		1.0789436556698642,
		1.094935881910141,
		1.0789436556698642,
		1.0323548397000424,
		0.9591342188540621,
		0.8652665760323249,
		0.757950118554432,
		0.6446908071694742,
		0.5324544791544331,
		0.42700567508782017,
		0.33251019392403147,
		0.2514180399842858,
		0.1845899548145496,
		0.0,
		0.0,
		0.0,
		0.0,
		0.0,
		0.0,
		0.0,
		0.0,
		0.0,
		0.0,
		0.0,
		0.0,
		0.0,
		0.0,
		0.0,
		0.0,
		0.0,
		0.0,
		0.0,
		0.0,
		0.0,
		0.0,
		0.0,
		0.0,
		0.0,
		0.0,
		0.0,
		0.0,
		0.0,
		0.0,
		0.0,
		0.0,
		0.0,
		0.0,
		0.18996560860971057,
		0.2783133863265096,
		0.40168806565491133,
		0.5711359310894608,
		0.7999922111556931,
		0.1271484521219294,
		0.20341021215585225,
		0.31837810047642795,
		0.48755361525858276,
		0.7304833714974559,
		1.0707967555668576,
		1.535721690685639,
		2.1548981550100783,
		2.9583512660759084,
		3.973575682160956,
		5.221821211122761,
		6.713844312621733,
		8.445576373564446,
		10.394319938825248,
		12.516174988137662,
		14.745378728293197,
		16.9960889877336,
		19.166853359398598,
		20.0,
		20.0,
		20.0,
		20.0,
		20.0,
		20.0,
		20.0,
		20.0,
		20.0,
		19.166853359398598,
		16.9960889877336,
		14.745378728293197,
		12.516174988137662,
		10.394319938825248,
		8.445576373564446,
		6.713844312621733,
		5.221821211122761,
		3.973575682160956,
		2.9583512660759084,
		2.1548981550100783,
		1.535721690685639,
		1.0707967555668576,
		0.7304833714974559,
		0.48755361525858276,
		0.31837810047642795,
		0.20341021215585225,
		0.5711359310894608,
		0.40168806565491133
	],
	[
		1.4695593778899179,
		1.5817460227869078,
		1.6531281401875761,
		1.6776309945146952,
		1.6531281401875761,
		1.5817460227869078,
		1.4695593778899179,
		1.3257379271716696,
		1.1613105682176896,
		0.9877777300524775,
		0.8158122791987956,
		0.6542464880329755,
		0.509463080473626,
		0.38521588654301503,
		0.28282371104025034,
		0.0,
		0.0,
		0.0,
		0.0,
		0.0,
		0.0,
		0.0,
		0.0,
		0.0,
		0.0,
		0.0,
		0.0,
		0.0,
		0.0,
		0.0,
		0.0,
		0.0,
		0.0,
		0.0,
		0.0,
		0.0,
		0.0,
		0.0,
		0.0,
		0.0,
		0.0,
		0.0,
		0.0,
		0.0,
