[
	[
		0.0,
		0.0,
		0.0,
		0.0,
		0.0,
		0.0,
		0.0,
		0.0,
		0.0,
		0.0,
		0.0,
		0.0,
		0.0,
		0.0,
		0.0,
		0.0,
		0.0,
		0.0,
		0.0,
		0.0,
		0.0,
		0.0,
		0.0,
		0.0,
		0.0,
		0.0,
		0.0,
		0.0,
		0.0,
		0.0,
		0.0,
		0.0,
		0.0,
		0.0,
		0.0,
		0.0,
		0.0,
		0.0,
		0.0,
		0.0,
		0.0,
		0.0,
		0.0,
		0.0,
		0.0,
		0.0,
		0.0,
		0.0,
		0.0,
		0.0
	],
	[
		0.0,
		0.0,
		0.0,
		0.0,
		0.0,
		0.0,
		0.0,
		0.0,
		0.0,
		0.0,
		0.0,
		0.0,
		0.0,
		0.0,
		0.0,
		0.0,
		0.0,
		0.0,
		0.0,
		0.0,
		0.0,
		0.0,
		0.0,
		0.0,
		0.0,
		0.0,
		0.0,
		0.0,
		0.0,
		0.0,
		0.0,
		0.0,
		0.0,
		0.0,
		0.0,
		0.0,
		0.0,
		0.0,
		0.0,
		0.0,
		0.0,
		0.0,
		0.0,
		0.0,
		0.0,
		0.0,
		0.0,
		0.0,
		0.0,
		0.0
	],
	[
		0.0,
		0.0,
		0.0,
		0.0,
		0.0,
		0.0,
		0.0,
		0.0,
		0.0,
		0.0,
		0.0,
		0.0,
		0.0,
		0.0,
		0.0,
		0.0,
		0.0,
		0.0,
		0.0,
		0.0,
		0.0,
		0.0,
		0.0,
		0.0,
		0.0,
		0.0,
		0.0,
		0.0,
		0.0,
		0.0,
		0.0,
		0.0,
		0.0,
		0.0,
		0.0,
		0.0,
		0.0,
		0.0,
		0.0,
		0.0,
		0.0,
		0.0,
		0.0,
		0.0,
		0.0,
		0.0,
		0.0,
		0.0,
		0.0,
		0.0
	],
	[
		0.0,
		0.0,
		0.0,
		0.0,
		0.0,
		0.0,
		0.0,
		0.0,
		0.0,
		0.0,
		0.0,
		0.0,
		0.0,
		0.0,
		0.0,
		0.0,
		0.0,
		0.0,
		0.0,
		0.0,
		0.0,
		0.0,
		0.0,
		0.0,
		0.0,
		0.0,
		0.0,
		0.0,
		0.0,
		0.0,
		0.0,
		0.0,
		0.0,
		0.0,
		0.0,
		0.0,
		0.0,
		0.0,
		0.0,
		0.0,
		0.0,
		0.0,
		0.0,
		0.0,
		0.0,
		0.0,
		0.0,
		0.0,
		0.0,
		0.0
	],
	[
		0.0,
		0.0,
		0.0,
		0.0,
		0.0,
		0.0,
		0.0,
		0.0,
		0.0,
		0.0,
		0.0,
		0.0,
		0.0,
		0.0,
		0.0,
		0.0,
		0.0,
		0.0,
		0.0,
		0.0,
		0.0,
		0.0,
		0.0,
		0.0,
		0.0,
		0.0,
		0.0,
		0.0,
		0.0,
		0.0,
		0.0,
		0.0,
		0.0,
		0.0,
		0.0,
		0.0,
		0.0,
		0.0,
		0.0,
		0.0,
		0.0,
		0.0,
		0.0,
		0.0,
		0.0,
		0.0,
		0.0,
		0.0,
		0.0,
		0.0
	],
	[
		0.0,
		0.0,
		0.0,
		0.0,
		0.0,
		0.0,
		0.0,
		0.0,
		0.0,
		0.0,
		0.0,
		0.0,
		0.0,
		0.0,
		0.0,
		0.0,
		0.0,
		0.0,
		0.0,
		0.0,
		0.0,
		0.0,
		0.0,
		0.0,
		0.0,
		0.0,
		0.0,
		0.0,
		0.0,
		0.0,
		0.0,
		0.0,
		0.0,
		0.0,
		0.0,
		0.0,
		0.0,
		0.0,
		0.0,
		0.0,
		0.0,
		0.0,
		0.0,
		0.0,
		0.0,
		0.0,
		0.0,
		0.0,
		0.0,
		0.0
	],
	[
		0.0,
		0.0,
		0.0,
		0.0,
		0.0,
		0.0,
		0.0,
		0.0,
		0.0,
		0.0,
		0.0,
		0.0,
		0.0,
		0.0,
		0.0,
		0.0,
		0.0,
		0.0,
		0.0,
		0.0,
		0.0,
		0.0,
		0.0,
		0.0,
		0.0,
		0.0,
		0.0,
		0.0,
		0.0,
		0.0,
		0.0,
		0.0,
		0.0,
		0.0,
		0.0,
		0.0,
		0.0,
		0.0,
		0.0,
		0.0,
		0.0,
		0.0,
		0.0,
		0.0,
		0.0,
		0.0,
		0.0,
		0.0,
		0.0,
		0.0
	],
	[
		0.0,
		0.0,
		0.0,
		0.0,
		0.0,
		0.0,
		0.0,
		0.0,
		0.0,
		0.0,
		0.0,
		0.0,
		0.0,
		0.0,
		0.0,
		0.0,
		0.0,
		0.0,
		0.0,
		0.0,
		0.0,
		0.0,
		0.0,
		0.0,
		0.0,
		0.0,
		0.0,
		0.0,
		0.0,
		0.0,
		0.0,
		0.0,
		0.0,
		0.0,
		0.0,
		0.0,
		0.0,
		0.0,
		0.0,
		0.0,
		0.0,
		0.0,
		0.0,
		0.0,
		0.0,
		0.0,
		0.0,
		0.0,
		0.0,
		0.0
	],
	[
		0.0,
		0.0,
		0.0,
		0.0,
		0.0,
		0.0,
		0.0,
		0.0,
		0.0,
		0.0,
		0.0,
		0.0,
		0.0,
		0.0,
		0.0,
		0.0,
		0.0,
		0.0,
		0.0,
		0.0,
		0.0,
		0.0,
		0.0,
		0.0,
		0.0,
		0.0,
		0.0,
		0.0,
		0.0,
		0.0,
		0.0,
		0.0,
		0.0,
		0.0,
		0.0,
		0.0,
		0.0,
		0.0,
		0.0,
		0.0,
		0.0,
		0.0,
		0.0,
		0.0,
		0.0,
		0.0,
		0.0,
		0.0,
		0.0,
		0.0
	],
	[
		0.0,
		0.0,
		0.0,
		0.0,
		0.0,
		0.0,
		0.0,
		0.0,
		0.0,
		0.0,
		0.0,
		0.0,
		0.0,
		0.0,
		0.0,
		0.0,
		0.0,
		0.0,
		0.0,
		0.0,
		0.0,
		0.0,
		0.0,
		0.0,
		0.0,
		0.0,
		0.0,
		0.0,
		0.0,
		0.0,
		0.0,
		0.0,
		0.0,
		0.0,
		0.0,
		0.0,
		0.0,
		0.0,
		0.0,
		0.0,
		0.0,
		0.0,
		0.0,
		0.0,
		0.0,
		0.0,
		0.0,
		0.0,
		0.0,
		0.0
	],
	[
		0.0,
		0.0,
		0.0,
		0.0,
		0.0,
		0.0,
		0.0,
		0.0,
		0.0,
		0.0,
		0.0,
		0.0,
		0.0,
		0.0,
		0.0,
		0.0,
		0.0,
		0.0,
		0.0,
		0.0,
		0.0,
		0.0,
		0.0,
		0.0,
		0.0,
		0.027875815988017947,
		0.0460980770508285,
		0.07394321331904903,
		0.11504668768559077,
		0.17362418048367756,
		0.2541596407703879,
		0.36088036786385086,
		0.4970272674620075,
		0.6639837692692222,
		0.8603893008853611,
		1.0814160942081914,
		1.31841138853566,
		1.5590834184661113,
		1.7883315938174904,
		1.9896974131096283,
		2.1472682922942643,
		2.2477389773968124,
		2.2822632220036163,
		2.2477389773968124,
		2.1472682922942643,
		1.9896974131096283,
		1.7883315938174904,
		1.5590834184661113,
		1.31841138853566,
		1.0814160942081914
	],
	[
		1.2786798225246518,
		1.72161103719746,
		2.2587897584779792,
		2.8879131427647993,
		3.59799031515913,
		4.36820888983698,
		5.167902985575694,
		5.957895091280838,
		6.693278513141688,
		7.3274436505923575,
		7.816883212005024,
		8.126102669058257,
		8.231870550144686,
		8.126102669058257,
		7.816883212005024,
		7.3274436505923575,
		6.693278513141688,
		5.957895091280838,
		5.167902985575694,
		4.36820888983698,
		3.59799031515913,
		2.8879131427647993,
		2.2587897584779792,
		1.72161103719746,
		1.2786798225246518,
		0.925456758768586,
		0.6527065883713405,
		0.44858774714237926,
		0.16841101701696226,
		0.2541596407703879,
		0.37205142058312196,
		0.5282744857418322,
		0.7275730338903291,
		0.9719721976784137,
		1.2594803041058344,
		1.5830302280569082,
		1.9299556315504867,
		2.2822632220036163,
		2.617848010552415,
		2.912617230785168,
		3.1432772571586622,
		3.2903512025185893,
		3.34088949495395,
		3.2903512025185893,
		3.1432772571586622,
		2.912617230785168,
		2.617848010552415,
		2.2822632220036163,
		1.9299556315504867,
		1.5830302280569082
	],
	[
		1.6348207047588768,
		2.201118152935858,
		2.8879131427647993,
		3.692261437281067,
		4.600110957511149,
		5.584852603458993,
		6.607279361242504,
		7.617301908132214,
		8.557506033368867,
		9.3683003218825,
		9.994059729851967,
		10.389403710260465,
		10.52463030792208,
		10.389403710260465,
		9.994059729851967,
		9.3683003218825,
		8.557506033368867,
		7.617301908132214,
		6.607279361242504,
		5.584852603458993,
		4.600110957511149,
		3.692261437281067,
		2.8879131427647993,
		2.201118152935858,
		1.6348207047588768,
		1.1832171306236101,
		0.8344999475280491,
		0.573529451244127,
		0.23912620268578727,
		0.36088036786385086,
		0.5282744857418322,
		0.7500950590335073,
		1.0330783570605038,
		1.3800998584527797,
		1.7883315938174904,
		2.2477389773968124,
		2.7403371210461587,
		3.24057741277215,
		3.7170730576901105,
		4.135614822661517,
		4.463128171818133,
		4.671957942523656,
		4.743717083786217,
		4.671957942523656,
		4.463128171818133,
		4.135614822661517,
		3.7170730576901105,
		3.24057741277215,
		2.7403371210461587,
		2.2477389773968124
	],
	[
		2.036788771670866,
		2.742326865551845,
		3.59799031515913,
		4.600110957511149,
		5.731181602621519,
		6.95805053181035,
		8.231870550144686,
		9.490236422714666,
		10.661616990495698,
		11.671768561351298,
		12.451389061758164,
		12.943939821544667,
		13.112415798724717,
		12.943939821544667,
		12.451389061758164,
		11.671768561351298,
		10.661616990495698,
		9.490236422714666,
		8.231870550144686,
		6.95805053181035,
		5.731181602621519,
		4.600110957511149,
		3.59799031515913,
		2.742326865551845,
		2.036788771670866,
		1.4741453659642993,
		1.0396859534120897,
		0.714548294572086,
		0.3293397305123628,
		0.4970272674620075,
		0.7275730338903291,
		1.0330783570605038,
		1.422820853135569,
		1.9007608131520068,
		2.4630033787995353,
		3.0957282839083833,
		3.7741656030236754,
		4.463128171818133,
		5.119388111235147,
		5.695830301742296,
		6.146902400654743,
		6.434515968865366,
		6.533347196810152,
		6.434515968865366,
		6.146902400654743,
		5.695830301742296,
		5.119388111235147,
		4.463128171818133,
		3.7741656030236754,
		3.0957282839083833
	],
	[
		2.472802325689229,
		3.3293743294616265,
		4.36820888983698,
		5.584852603458993,
		6.95805053181035,
		8.447554197389396,
		9.994059729851967,
		11.521802861363021,
		12.943939821544667,
		14.170333637365447,
		15.116846802292018,
		15.714837463503736,
		15.919378942712617,
		15.714837463503736,
		15.116846802292018,
		14.170333637365447,
		12.943939821544667,
		11.521802861363021,
		9.994059729851967,
		8.447554197389396,
		6.95805053181035,
		5.584852603458993,
		4.36820888983698,
		3.3293743294616265,
		2.472802325689229,
		1.7897143484202085,
		1.262250597284463,
		0.8675110100816354,
		0.4399682873584475,
		0.6639837692692222,
		0.9719721976784137,
		1.3800998584527797,
		1.9007608131520068,
		2.539245654751473,
		3.2903512025185893,
		4.135614822661517,
		5.041946120457994,
		5.962338206086408,
		6.8390425173399345,
		7.609117488021498,
		8.211709281380116,
		8.595935165180462,
		8.727964805299354,
		8.595935165180462,
		8.211709281380116,
		7.609117488021498,
		6.8390425173399345,
		5.962338206086408,
		5.041946120457994,
		4.135614822661517
	],
	[
		2.9255016973661254,
		3.938887532909611,
		5.167902985575694,
		6.607279361242504,
		8.231870550144686,
		9.994059729851967,
		11.823686187738902,
		13.63111538575589,
		15.313604943322481,
		16.764516386000373,
		17.884309036551315,
		18.591774682393574,
		18.833761855565847,
		18.591774682393574,
		17.884309036551315,
		16.764516386000373,
		15.313604943322481,
		13.63111538575589,
		11.823686187738902,
		9.994059729851967,
		8.231870550144686,
		6.607279361242504,
		5.167902985575694,
		3.938887532909611,
		2.9255016973661254,
		2.117359851093023,
		1.4933325751494735,
		1.0263274609992339,
		0.570110332047255,
		0.8603893008853611,
		1.2594803041058344,
		1.7883315938174904,
		2.4630033787995353,
		3.2903512025185893,
		4.263632790178055,
		5.358924285027421,
		6.533347196810152,
		7.725990059098502,
		8.862022360419344,
		9.859884501512404,
		10.640722160206527,
		11.138601558537118,
		11.309685393738485,
		11.138601558537118,
		10.640722160206527,
		9.859884501512404,
		8.862022360419344,
		7.725990059098502,
		6.533347196810152,
		5.358924285027421
	],
	[
		3.3727088629411934,
		4.541006044991618,
		5.957895091280838,
		7.617301908132214,
		9.490236422714666,
		11.521802861363021,
		13.63111538575589,
		15.714837463503736,
		17.654520987775733,
		19.32722618103138,
		20.0,
		20.0,
		20.0,
		20.0,
		20.0,
		19.32722618103138,
		17.654520987775733,
		15.714837463503736,
		13.63111538575589,
		11.521802861363021,
		9.490236422714666,
		7.617301908132214,
		5.957895091280838,
		4.541006044991618,
		3.3727088629411934,
		2.441030317038152,
		1.72161103719746,
		1.1832171306236101,
		0.7165668935165246,
		1.0814160942081914,
		1.5830302280569082,
		2.2477389773968124,
		3.0957282839083833,
		4.135614822661517,
		5.358924285027421,
		6.735586976161085,
		8.211709281380116,
		9.710732089536807,
		11.138601558537118,
		12.392806112299766,
		13.374234414821368,
		14.000014853717284,
		14.215048690906148,
		14.000014853717284,
		13.374234414821368,
		12.392806112299766,
		11.138601558537118,
		9.710732089536807,
		8.211709281380116,
		6.735586976161085
	],
	[
		3.7890025617342187,
		5.101502749430708,
		6.693278513141688,
		8.557506033368867,
		10.661616990495698,
		12.943939821544667,
		15.313604943322481,
		17.654520987775733,
		19.833619789683915,
		20.0,
		20.0,
		20.0,
		20.0,
		20.0,
		20.0,
		20.0,
		19.833619789683915,
		17.654520987775733,
		15.313604943322481,
		12.943939821544667,
		10.661616990495698,
		8.557506033368867,
		6.693278513141688,
		5.101502749430708,
		3.7890025617342187,
		2.742326865551845,
		1.9341096119878223,
		1.3292617066007457,
		0.8736044877818592,
		1.31841138853566,
		1.9299556315504867,
		2.7403371210461587,
		3.7741656030236754,
		5.041946120457994,
		6.533347196810152,
		8.211709281380116,
		10.011327826448323,
		11.838865582297558,
		13.579656550135658,
		15.108723461651051,
		16.30523446052158,
		17.06815639388461,
		17.33031548453316,
		17.06815639388461,
		16.30523446052158,
		15.108723461651051,
		13.579656550135658,
		11.838865582297558,
		10.011327826448323,
		8.211709281380116
	],
	[
		4.147997533427883,
		5.584852603458993,
		7.3274436505923575,
		9.3683003218825,
		11.671768561351298,
		14.170333637365447,
		16.764516386000373,
		19.32722618103138,
		20.0,
		20.0,
		20.0,
		20.0,
		20.0,
		20.0,
		20.0,
		20.0,
		20.0,
		19.32722618103138,
		16.764516386000373,
		14.170333637365447,
		11.671768561351298,
		9.3683003218825,
		7.3274436505923575,
		5.584852603458993,
		4.147997533427883,
		3.002152911967335,
		2.117359851093023,
		1.455204685250038,
		1.0330783570605038,
		1.5590834184661113,
		2.2822632220036163,
		3.24057741277215,
		4.463128171818133,
		5.962338206086408,
		7.725990059098502,
		9.710732089536807,
		11.838865582297558,
		14.000014853717284,
		16.058581972123626,
		17.866775445115884,
		19.281705924761763,
		20.0,
		20.0,
		20.0,
		19.281705924761763,
		17.866775445115884,
		16.058581972123626,
		14.000014853717284,
		11.838865582297558,
		9.710732089536807
	],
	[
		4.4250647058704375,
		5.957895091280838,
		7.816883212005024,
		9.994059729851967,
		12.451389061758164,
		15.116846802292018,
		17.884309036551315,
		20.0,
		20.0,
		20.0,
		20.0,
		20.0,
		20.0,
		20.0,
		20.0,
		20.0,
		20.0,
		20.0,
		17.884309036551315,
		15.116846802292018,
		12.451389061758164,
		9.994059729851967,
		7.816883212005024,
		5.957895091280838,
		4.4250647058704375,
		3.2026829296097445,
		2.2587897584779792,
		1.5524056705973441,
		1.1849825627919233,
		1.7883315938174904,
		2.617848010552415,
		3.7170730576901105,
		5.119388111235147,
		6.8390425173399345,
		8.862022360419344,
		11.138601558537118,
		13.579656550135658,
		16.058581972123626,
		18.419841525163964,
		20.0,
		20.0,
		20.0,
		20.0,
		20.0,
		20.0,
		20.0,
		18.419841525163964,
		16.058581972123626,
		13.579656550135658,
		11.138601558537118
	],
	[
		4.600110957511149,
		6.193576888659699,
		8.126102669058257,
		10.389403710260465,
		12.943939821544667,
		15.714837463503736,
		18.591774682393574,
		20.0,
		20.0,
		20.0,
		20.0,
		20.0,
		20.0,
		20.0,
		20.0,
		20.0,
		20.0,
		20.0,
		18.591774682393574,
		15.714837463503736,
		12.943939821544667,
		10.389403710260465,
		8.126102669058257,
		6.193576888659699,
		4.600110957511149,
		3.3293743294616265,
		2.348142729959154,
		1.6138155734408766,
		1.31841138853566,
		1.9896974131096283,
		2.912617230785168,
		4.135614822661517,
		5.695830301742296,
		7.609117488021498,
		9.859884501512404,
		12.392806112299766,
		15.108723461651051,
		17.866775445115884,
		20.0,
		20.0,
		20.0,
		20.0,
		20.0,
		20.0,
		20.0,
		20.0,
		20.0,
		17.866775445115884,
		15.108723461651051,
		12.392806112299766
	],
	[
		4.659985168870922,
		6.2741913640777565,
		8.231870550144686,
		10.52463030792208,
		13.112415798724717,
		15.919378942712617,
		18.833761855565847,
		20.0,
		20.0,
		20.0,
		20.0,
		20.0,
		20.0,
		20.0,
		20.0,
		20.0,
		20.0,
		20.0,
		18.833761855565847,
		15.919378942712617,
		13.112415798724717,
		10.52463030792208,
		8.231870550144686,
		6.2741913640777565,
		4.659985168870922,
		3.3727088629411934,
		2.378705730594373,
		1.6348207047588768,
		1.422820853135569,
		2.1472682922942643,
		3.1432772571586622,
		4.463128171818133,
		6.146902400654743,
		8.211709281380116,
		10.640722160206527,
		13.374234414821368,
		16.30523446052158,
		19.281705924761763,
		20.0,
		20.0,
		20.0,
		20.0,
		20.0,
		20.0,
		20.0,
		20.0,
		20.0,
		19.281705924761763,
		16.30523446052158,
		13.374234414821368
	],
	[
		4.600110957511149,
		6.193576888659699,
		8.126102669058257,
		10.389403710260465,
		12.943939821544667,
		15.714837463503736,
		18.591774682393574,
		20.0,
		20.0,
		20.0,
		20.0,
		20.0,
		20.0,
		20.0,
		20.0,
		20.0,
		20.0,
		20.0,
		18.591774682393574,
		15.714837463503736,
		12.943939821544667,
		10.389403710260465,
		8.126102669058257,
		6.193576888659699,
		4.600110957511149,
		3.3293743294616265,
		2.348142729959154,
		1.6138155734408766,
		1.4893946419842765,
		2.2477389773968124,
		3.2903512025185893,
		4.671957942523656,
		6.434515968865366,
		8.595935165180462,
		11.138601558537118,
		14.000014853717284,
		17.06815639388461,
		20.0,
		20.0,
		20.0,
		20.0,
		20.0,
		20.0,
		20.0,
		20.0,
		20.0,
		20.0,
		20.0,
		17.06815639388461,
		14.000014853717284
	],
	[
		4.4250647058704375,
		5.957895091280838,
		7.816883212005024,
		9.994059729851967,
		12.451389061758164,
		15.116846802292018,
		17.884309036551315,
		20.0,
		20.0,
		20.0,
		20.0,
		20.0,
		20.0,
		20.0,
		20.0,
		20.0,
		20.0,
		20.0,
		17.884309036551315,
		15.116846802292018,
		12.451389061758164,
		9.994059729851967,
		7.816883212005024,
		5.957895091280838,
		4.4250647058704375,
		3.2026829296097445,
		2.2587897584779792,
		1.5524056705973441,
		1.5122710637810277,
		2.2822632220036163,
		3.34088949495395,
		4.743717083786217,
		6.533347196810152,
		8.727964805299354,
		11.309685393738485,
		14.215048690906148,
		17.33031548453316,
		20.0,
		20.0,
		20.0,
		20.0,
		20.0,
		20.0,
		20.0,
		20.0,
		20.0,
		20.0,
		20.0,
		17.33031548453316,
		14.215048690906148
	],
	[
		4.147997533427883,
		5.584852603458993,
		7.3274436505923575,
		9.3683003218825,
		11.671768561351298,
		14.170333637365447,
		16.764516386000373,
		19.32722618103138,
		20.0,
		20.0,
		20.0,
		20.0,
		20.0,
		20.0,
		20.0,
		20.0,
		20.0,
		19.32722618103138,
		16.764516386000373,
		14.170333637365447,
		11.671768561351298,
		9.3683003218825,
		7.3274436505923575,
		5.584852603458993,
		4.147997533427883,
		3.002152911967335,
		2.117359851093023,
		1.455204685250038,
		1.4893946419842765,
		2.2477389773968124,
		3.2903512025185893,
		4.671957942523656,
		6.434515968865366,
		8.595935165180462,
		11.138601558537118,
		14.000014853717284,
		17.06815639388461,
		20.0,
		20.0,
		20.0,
		20.0,
		20.0,
		20.0,
		20.0,
		20.0,
		20.0,
		20.0,
		20.0,
		17.06815639388461,
		14.000014853717284
	],
	[
		3.7890025617342187,
		5.101502749430708,
		6.693278513141688,
		8.557506033368867,
		10.661616990495698,
		12.943939821544667,
		15.313604943322481,
		17.654520987775733,
		19.833619789683915,
		20.0,
		20.0,
		20.0,
		20.0,
		20.0,
		20.0,
		20.0,
		19.833619789683915,
		17.654520987775733,
		15.313604943322481,
		12.943939821544667,
		10.661616990495698,
		8.557506033368867,
		2.115926495835921,
		2.6807763028070077,
		3.3414400853586663,
		4.097508699257719,
		4.943325336910933,
		5.867209648644241,
		6.851049783703693,
		7.870380758221753,
		8.895031021556589,
		9.890364425799119,
		10.81907732575155,
		11.643438643035777,
		12.327794794577345,
		12.841112115583451,
		13.159305897519818,
		13.267113079314854,
		13.159305897519818,
		12.841112115583451,
		12.327794794577345,
		11.643438643035777,
		10.81907732575155,
		9.890364425799119,
		8.895031021556589,
		7.870380758221753,
		6.851049783703693,
		5.867209648644241,
		4.943325336910933,
		4.097508699257719
	],
	[
		3.3727088629411934,
		4.541006044991618,
		5.957895091280838,
		7.617301908132214,
		9.490236422714666,
		11.521802861363021,
		13.63111538575589,
		15.714837463503736,
		17.654520987775733,
		19.32722618103138,
		20.0,
		20.0,
		20.0,
		20.0,
		20.0,
		19.32722618103138,
		17.654520987775733,
		15.714837463503736,
		13.63111538575589,
		11.521802861363021,
		9.490236422714666,
		7.617301908132214,
		2.4707345790821233,
		3.1303009453135653,
		3.90174780601971,
		4.784597409819906,
		5.772244390149995,
		6.851049783703693,
		7.999864663031483,
		9.190121645600382,
		10.386589879288636,
		11.548825270932527,
		12.633268932121995,
		13.595862867346183,
		14.394974940165763,
		14.99436762112491,
		15.365917569304234,
		15.49180234481916,
		15.365917569304234,
		14.99436762112491,
		14.394974940165763,
		13.595862867346183,
		12.633268932121995,
		11.548825270932527,
		10.386589879288636,
		9.190121645600382,
		7.999864663031483,
		6.851049783703693,
		5.772244390149995,
		4.784597409819906
	],
	[
		2.9255016973661254,
		3.938887532909611,
		5.167902985575694,
		6.607279361242504,
		8.231870550144686,
		9.994059729851967,
		11.823686187738902,
		13.63111538575589,
		15.313604943322481,
		16.764516386000373,
		17.884309036551315,
		18.591774682393574,
		18.833761855565847,
		18.591774682393574,
		17.884309036551315,
		16.764516386000373,
		15.313604943322481,
		13.63111538575589,
		11.823686187738902,
		9.994059729851967,
		8.231870550144686,
		6.607279361242504,
		2.8383419335436093,
		3.5960416440180367,
		4.482267948041464,
		5.496472012166137,
		6.631065692742714,
		7.870380758221753,
		9.190121645600382,
		10.557470584624598,
		11.931954913528852,
		13.267113079314854,
		14.512905300049104,
		15.618718427227083,
		16.536726101984037,
		17.225299207095755,
		17.652130080493375,
		17.79674457699323,
		17.652130080493375,
		17.225299207095755,
		16.536726101984037,
		15.618718427227083,
		14.512905300049104,
		13.267113079314854,
		11.931954913528852,
		10.557470584624598,
		9.190121645600382,
		7.870380758221753,
		6.631065692742714,
		5.496472012166137
	],
	[
		2.472802325689229,
		3.3293743294616265,
		4.36820888983698,
		5.584852603458993,
		6.95805053181035,
		8.447554197389396,
		9.994059729851967,
		11.521802861363021,
		12.943939821544667,
		14.170333637365447,
		15.116846802292018,
		15.714837463503736,
		15.919378942712617,
		15.714837463503736,
		15.116846802292018,
		14.170333637365447,
		12.943939821544667,
		11.521802861363021,
		9.994059729851967,
		8.447554197389396,
		6.95805053181035,
		5.584852603458993,
		3.207867614572651,
		4.064212769494645,
		5.065817483240275,
		6.212061469359194,
		7.494368678581304,
		8.895031021556589,
		10.386589879288636,
		11.931954913528852,
		13.485384298946427,
		14.99436762112491,
		16.402350384635934,
		17.652130080493375,
		18.689653803403456,
		19.46787271284821,
		19.950272990098295,
		20.0,
		19.950272990098295,
		19.46787271284821,
		18.689653803403456,
		17.652130080493375,
		16.402350384635934,
		14.99436762112491,
		13.485384298946427,
		11.931954913528852,
		10.386589879288636,
		8.895031021556589,
		7.494368678581304,
		6.212061469359194
	],
	[
		2.036788771670866,
		2.742326865551845,
		3.59799031515913,
		4.600110957511149,
		5.731181602621519,
		6.95805053181035,
		8.231870550144686,
		9.490236422714666,
		10.661616990495698,
		11.671768561351298,
		12.451389061758164,
		12.943939821544667,
		13.112415798724717,
		12.943939821544667,
		12.451389061758164,
		11.671768561351298,
		10.661616990495698,
		9.490236422714666,
		8.231870550144686,
		6.95805053181035,
		5.731181602621519,
		4.600110957511149,
		3.566820583419434,
		4.518988781137961,
		5.632670746443682,
		6.907176784266678,
		8.33297120525305,
		9.890364425799119,
		11.548825270932527,
		13.267113079314854,
		14.99436762112491,
		16.672202687987507,
		18.237735467201002,
		19.62736262128724,
		20.0,
		20.0,
		20.0,
		20.0,
		20.0,
		20.0,
		20.0,
		19.62736262128724,
		18.237735467201002,
		16.672202687987507,
		14.99436762112491,
		13.267113079314854,
		11.548825270932527,
		9.890364425799119,
		8.33297120525305,
		6.907176784266678
	],
	[
		1.6348207047588768,
		2.201118152935858,
		2.8879131427647993,
		3.692261437281067,
		4.600110957511149,
		5.584852603458993,
		6.607279361242504,
		7.617301908132214,
		8.557506033368867,
		9.3683003218825,
		9.994059729851967,
		10.389403710260465,
		10.52463030792208,
		10.389403710260465,
		9.994059729851967,
		9.3683003218825,
		8.557506033368867,
		7.617301908132214,
		6.607279361242504,
		5.584852603458993,
		4.600110957511149,
		3.692261437281067,
		3.90174780601971,
		4.943325336910933,
		6.161582903589425,
		7.555766048082618,
		9.115443672401337,
		10.81907732575155,
		12.633268932121995,
		14.512905300049104,
		16.402350384635934,
		18.237735467201002,
		19.950272990098295,
		20.0,
		20.0,
		20.0,
		20.0,
		20.0,
		20.0,
		20.0,
		20.0,
		20.0,
		19.950272990098295,
		18.237735467201002,
		16.402350384635934,
		14.512905300049104,
		12.633268932121995,
		10.81907732575155,
		9.115443672401337,
		7.555766048082618
	],
	[
		20.0,
		20.0,
		20.0,
		20.0,
		20.0,
		20.0,
		20.0,
		20.0,
		20.0,
		19.325871379382956,
		17.17512735508761,
		14.93979519507174,
		12.719590168197836,
		0.0,
		0.0,
		0.0,
		0.0,
		0.0,
		0.0,
		0.0,
		0.0,
		0.0,
		4.1990421005549265,
		5.31998279704396,
		6.631065692742714,
		8.13147884363343,
		9.80999635255689,
		11.643438643035777,
		13.595862867346183,
		15.618718427227083,
		17.652130080493375,
		19.62736262128724,
		20.0,
		20.0,
		20.0,
		20.0,
		20.0,
		20.0,
		20.0,
		20.0,
		20.0,
		20.0,
		20.0,
		19.62736262128724,
		17.652130080493375,
		15.618718427227083,
		13.595862867346183,
		11.643438643035777,
		9.80999635255689,
		8.13147884363343
	],
	[
		19.325871379382956,
		20.0,
		20.0,
		20.0,
		20.0,
		20.0,
		20.0,
		20.0,
		19.325871379382956,
		17.547537107660773,
		15.594700941335875,
		13.565060297671488,
		11.54915481372799,
		0.0,
		0.0,
		0.0,
		0.0,
		0.0,
		0.0,
		0.0,
		0.0,
		0.0,
		4.445845504617658,
		5.632670746443682,
		7.020814008273113,
		8.60941562316884,
		10.386589879288636,
		12.327794794577345,
		14.394974940165763,
		16.536726101984037,
		18.689653803403456,
		20.0,
		20.0,
		20.0,
		20.0,
		20.0,
		20.0,
		20.0,
		20.0,
		20.0,
		20.0,
		20.0,
		20.0,
		20.0,
		18.689653803403456,
		16.536726101984037,
		14.394974940165763,
		12.327794794577345,
		10.386589879288636,
		8.60941562316884
	],
	[
		17.17512735508761,
		18.514273627971683,
		19.534270015691273,
		20.0,
		20.0,
		20.0,
		19.534270015691273,
		18.514273627971683,
		17.17512735508761,
		15.594700941335875,
		13.859192658069938,
		12.055427339773031,
		10.263868618157726,
		0.0,
		0.0,
		0.0,
		0.0,
		0.0,
		0.0,
		0.0,
		0.0,
		0.0,
		4.630966164238082,
		5.867209648644241,
		7.313153838555991,
		8.96790327134555,
		10.81907732575155,
		12.841112115583451,
		14.99436762112491,
		17.225299207095755,
		19.46787271284821,
		20.0,
		20.0,
		20.0,
		20.0,
		20.0,
		20.0,
		20.0,
		20.0,
		20.0,
		20.0,
		20.0,
		20.0,
		20.0,
		19.46787271284821,
		17.225299207095755,
		14.99436762112491,
		12.841112115583451,
		10.81907732575155,
		8.96790327134555
	],
	[
		14.93979519507174,
		16.10465241211039,
		16.99189690335602,
		17.547537107660773,
		17.73675925097418,
		17.547537107660773,
		16.99189690335602,
		16.10465241211039,
		14.93979519507174,
		13.565060297671488,
		12.055427339773031,
		10.48642095756727,
		8.928032491064943,
		0.0,
		0.0,
		0.0,
		0.0,
		0.0,
		0.0,
		0.0,
		0.0,
		0.0,
		4.745718268616177,
		6.0125950023979895,
		7.494368678581304,
		9.190121645600382,
		11.08716649905338,
		13.159305897519818,
		15.365917569304234,
		17.652130080493375,
		19.950272990098295,
		20.0,
		20.0,
		20.0,
		20.0,
		20.0,
		20.0,
		20.0,
		20.0,
		20.0,
		20.0,
		20.0,
		20.0,
		20.0,
		19.950272990098295,
		17.652130080493375,
		15.365917569304234,
		13.159305897519818,
		11.08716649905338,
		9.190121645600382
	],
	[
		12.719590168197836,
		13.711337793365194,
		14.466728758253279,
		14.93979519507174,
		15.100897009538945,
		14.93979519507174,
		14.466728758253279,
		13.711337793365194,
		12.719590168197836,
		11.54915481372799,
		10.263868618157726,
		8.928032491064943,
		7.601236349756745,
		0.0,
		0.0,
		0.0,
		0.0,
		0.0,
		0.0,
		0.0,
		0.0,
		0.0,
		4.784597409819906,
		6.061852989675693,
		7.555766048082618,
		9.265411415644596,
		11.177997746815509,
		13.267113079314854,
		15.49180234481916,
		17.79674457699323,
		20.0,
		20.0,
		20.0,
		20.0,
		20.0,
		20.0,
		20.0,
		20.0,
		20.0,
		20.0,
		20.0,
		20.0,
		20.0,
		20.0,
		20.0,
		17.79674457699323,
		15.49180234481916,
		13.267113079314854,
		11.177997746815509,
		9.265411415644596
	],
	[
		10.59950024824512,
		11.425944265713593,
		12.055427339773031,
		12.449643485748444,
		12.583892993779553,
		12.449643485748444,
		12.055427339773031,
		11.425944265713593,
		10.59950024824512,
		9.624152012476,
		2.2197168745429896,
		2.7284124681071247,
		3.288425059247189,
		3.8862555419950704,
		4.5033970751551,
		5.116990494268977,
		5.70104489054216,
		6.228160458233947,
		6.671609322576114,
		7.007561252061107,
		7.2171989947960515,
		7.288462759622652,
		4.745718268616177,
		6.0125950023979895,
		7.494368678581304,
		9.190121645600382,
		11.08716649905338,
		13.159305897519818,
		15.365917569304234,
		17.652130080493375,
		19.950272990098295,
		20.0,
		20.0,
		20.0,
		20.0,
		20.0,
		20.0,
		20.0,
		20.0,
		20.0,
		20.0,
		20.0,
		20.0,
		20.0,
		19.950272990098295,
		17.652130080493375,
		15.365917569304234,
		13.159305897519818,
		11.08716649905338,
		9.190121645600382
	],
	[
		8.645327643829768,
		9.319404642080782,
		9.832833322115954,
		10.154369966733661,
		10.263868618157726,
		10.154369966733661,
		9.832833322115954,
		9.319404642080782,
		8.645327643829768,
		7.849799093655772,
		2.782560038430586,
		3.420243180191049,
		4.122255529151156,
		4.871675074557103,
		5.6453022825677825,
		6.414481697947857,
		7.146632019449586,
		7.807405801509425,
		8.363297907911505,
		8.784435587468526,
		9.047230186262187,
		9.136563968632714,
		4.630966164238082,
		5.867209648644241,
		7.313153838555991,
		8.96790327134555,
		10.81907732575155,
		12.841112115583451,
		14.99436762112491,
		17.225299207095755,
		19.46787271284821,
		20.0,
		20.0,
		20.0,
		20.0,
		20.0,
		20.0,
		20.0,
		20.0,
		20.0,
		20.0,
		20.0,
		20.0,
		20.0,
		19.46787271284821,
		17.225299207095755,
		14.99436762112491,
		12.841112115583451,
		10.81907732575155,
		8.96790327134555
	],
	[
		6.901783329353561,
		7.439916015689622,
		7.849799093655772,
		8.106489914990066,
		8.193905452968515,
		8.106489914990066,
		7.849799093655772,
		7.439916015689622,
		6.901783329353561,
		6.266692802792157,
		3.420243180191049,
		4.2040650516354345,
		5.0669585438797,
		5.988123605504842,
		6.93904403333545,
		7.884497361731858,
		8.784435587468526,
		9.596639813262659,
		10.279926484380137,
		10.797576869828346,
		11.120596471167124,
		11.230403000296251,
		4.445845504617658,
		5.632670746443682,
		7.020814008273113,
		8.60941562316884,
		10.386589879288636,
		12.327794794577345,
		14.394974940165763,
		16.536726101984037,
		18.689653803403456,
		20.0,
		20.0,
		20.0,
		20.0,
		20.0,
		20.0,
		20.0,
		20.0,
		20.0,
		20.0,
		20.0,
		20.0,
		20.0,
		18.689653803403456,
		16.536726101984037,
		14.394974940165763,
		12.327794794577345,
		10.386589879288636,
		8.60941562316884
	],
	[
		5.3929324682305015,
		5.8134199129775785,
		6.133695362648776,
		6.3342690692707935,
		6.402574037783324,
		6.3342690692707935,
		6.133695362648776,
		5.8134199129775785,
		5.3929324682305015,
		4.896683867322976,
		4.122255529151156,
		5.0669585438797,
		6.106962801493271,
		7.2171989947960515,
		8.363297907911505,
		9.502807587547434,
		10.587460090744656,
		11.566370999761595,
		12.389903745714465,
		13.01380299824127,
		13.40312307505774,
		13.535467633029828,
		4.1990421005549265,
		5.31998279704396,
		6.631065692742714,
		8.13147884363343,
		9.80999635255689,
		11.643438643035777,
		13.595862867346183,
		15.618718427227083,
		17.652130080493375,
		19.62736262128724,
		20.0,
		20.0,
		20.0,
		20.0,
		20.0,
		20.0,
		20.0,
		20.0,
		20.0,
		20.0,
		20.0,
		19.62736262128724,
		17.652130080493375,
		15.618718427227083,
		13.595862867346183,
		11.643438643035777,
		9.80999635255689,
		8.13147884363343
	],
	[
		4.124510745039237,
		4.44609923038188,
		4.691045656342702,
		4.844444278151569,
		4.896683867322976,
		4.844444278151569,
		4.691045656342702,
		4.44609923038188,
		4.124510745039237,
		3.744980183751612,
		4.871675074557103,
		5.988123605504842,
		7.2171989947960515,
		8.529274374775726,
		9.88373226039624,
		11.230403000296251,
		12.51224361571049,
		13.669118982107749,
		14.642368680766358,
		15.379691832151769,
		15.839789684126025,
		15.996194273741231,
		3.90174780601971,
		4.943325336910933,
		6.161582903589425,
		7.555766048082618,
		9.115443672401337,
		10.81907732575155,
		12.633268932121995,
		14.512905300049104,
		16.402350384635934,
		18.237735467201002,
		19.950272990098295,
		20.0,
		20.0,
		20.0,
		20.0,
		20.0,
		20.0,
		20.0,
		20.0,
		20.0,
		19.950272990098295,
		18.237735467201002,
		16.402350384635934,
		14.512905300049104,
		12.633268932121995,
		10.81907732575155,
		9.115443672401337,
		7.555766048082618
	],
	[
		3.087476731974861,
		3.3282075791330734,
		3.511566633693434,
		3.6263959322039367,
		3.6655008166435357,
		3.6263959322039367,
		3.511566633693434,
		3.3282075791330734,
		3.087476731974861,
		2.803372301295833,
		5.6453022825677825,
		6.93904403333545,
		8.363297907911505,
		9.88373226039624,
		11.453279505710126,
		13.01380299824127,
		14.499201273236855,
		15.839789684126025,
		16.967592475005986,
		17.822003330780177,
		18.355165213336747,
		18.536407018926397,
		3.566820583419434,
		4.518988781137961,
		5.632670746443682,
		6.907176784266678,
		8.33297120525305,
		9.890364425799119,
		11.548825270932527,
		13.267113079314854,
		14.99436762112491,
		16.672202687987507,
		18.237735467201002,
		19.62736262128724,
		20.0,
		20.0,
		20.0,
		20.0,
		20.0,
		20.0,
		20.0,
		19.62736262128724,
		18.237735467201002,
		16.672202687987507,
		14.99436762112491,
		13.267113079314854,
		11.548825270932527,
		9.890364425799119,
		8.33297120525305,
		6.907176784266678
	],
	[
		0.0,
		0.0,
		0.0,
		0.0,
		0.0,
		0.0,
		0.0,
		0.0,
		0.0,
		0.0,
		6.414481697947857,
		7.884497361731858,
		9.502807587547434,
		11.230403000296251,
		13.01380299824127,
		14.786949745930686,
		16.47473537231678,
		17.997980611581134,
		19.279447927039662,
		20.0,
		20.0,
		20.0,
		3.207867614572651,
		4.064212769494645,
		5.065817483240275,
		6.212061469359194,
		7.494368678581304,
		8.895031021556589,
		10.386589879288636,
		11.931954913528852,
		13.485384298946427,
		14.99436762112491,
		16.402350384635934,
		17.652130080493375,
		18.689653803403456,
		19.46787271284821,
		19.950272990098295,
		20.0,
		19.950272990098295,
		19.46787271284821,
		18.689653803403456,
		17.652130080493375,
		16.402350384635934,
		14.99436762112491,
		13.485384298946427,
		11.931954913528852,
		10.386589879288636,
		8.895031021556589,
		7.494368678581304,
		6.212061469359194
	],
	[
		0.0,
		0.0,
		0.0,
		0.0,
		0.0,
		0.0,
		0.0,
		0.0,
		0.0,
		0.0,
		7.146632019449586,
		8.784435587468526,
		10.587460090744656,
		12.51224361571049,
		14.499201273236855,
		16.47473537231678,
		18.355165213336747,
		20.0,
		20.0,
		20.0,
		20.0,
		20.0,
		2.8383419335436093,
		3.5960416440180367,
		4.482267948041464,
		5.496472012166137,
		6.631065692742714,
		7.870380758221753,
		9.190121645600382,
		10.557470584624598,
		11.931954913528852,
		13.267113079314854,
		14.512905300049104,
		15.618718427227083,
		16.536726101984037,
		17.225299207095755,
		17.652130080493375,
		17.79674457699323,
		17.652130080493375,
		17.225299207095755,
		16.536726101984037,
		15.618718427227083,
		14.512905300049104,
		13.267113079314854,
		11.931954913528852,
		10.557470584624598,
		9.190121645600382,
		7.870380758221753,
		6.631065692742714,
		5.496472012166137
	],
	[
		0.0,
		0.0,
		0.0,
		0.0,
		0.0,
		0.0,
		0.0,
		0.0,
		0.0,
		0.0,
		7.807405801509425,
		9.596639813262659,
		11.566370999761595,
		13.669118982107749,
		15.839789684126025,
		17.997980611581134,
		20.0,
		20.0,
		20.0,
		20.0,
		20.0,
		20.0,
		2.4707345790821233,
		3.1303009453135653,
		3.90174780601971,
		4.784597409819906,
		5.772244390149995,
		6.851049783703693,
		7.999864663031483,
		9.190121645600382,
		10.386589879288636,
		11.548825270932527,
		12.633268932121995,
		13.595862867346183,
		14.394974940165763,
		14.99436762112491,
		15.365917569304234,
		15.49180234481916,
		15.365917569304234,
		14.99436762112491,
		14.394974940165763,
		13.595862867346183,
		12.633268932121995,
		11.548825270932527,
		10.386589879288636,
		9.190121645600382,
		7.999864663031483,
		6.851049783703693,
		5.772244390149995,
		4.784597409819906
	],
	[
		0.0,
		0.0,
		0.0,
		0.0,
		0.0,
		0.0,
		0.0,
		0.0,
		0.0,
		0.0,
		8.363297907911505,
		10.279926484380137,
		12.389903745714465,
		14.642368680766358,
		16.967592475005986,
		19.279447927039662,
		20.0,
		20.0,
		20.0,
		20.0,
		20.0,
		20.0,
		20.0,
		20.0,
		20.0,
		20.0,
		20.0,
		19.279447927039662,
		16.967592475005986,
		14.642368680766358,
		12.389903745714465,
		10.279926484380137,
		0.0,
		0.0,
		0.0,
		0.0,
		0.0,
		0.0,
		0.0,
		0.0,
		0.0,
		0.0,
		0.0,
		0.0,
		0.0,
		0.0,
		0.0,
		0.0,
		0.0,
		0.0
	],
	[
		0.0,
		0.0,
		0.0,
		0.0,
		0.0,
		0.0,
		0.0,
		0.0,
		0.0,
		0.0,
		8.784435587468526,
		10.797576869828346,
		13.01380299824127,
		15.379691832151769,
		17.822003330780177,
		20.0,
		20.0,
		20.0,
		20.0,
		20.0,
		20.0,
		20.0,
		20.0,
		20.0,
		20.0,
		20.0,
		20.0,
		20.0,
		17.822003330780177,
		15.379691832151769,
		13.01380299824127,
		10.797576869828346,
		0.0,
		0.0,
		0.0,
		0.0,
		0.0,
		0.0,
		0.0,
		0.0,
		0.0,
		0.0,
		0.0,
		0.0,
		0.0,
		0.0,
		0.0,
		0.0,
		0.0,
		0.0
	],
	[
		0.0,
		0.0,
		0.0,
		0.0,
		0.0,
		0.0,
		0.0,
		0.0,
		0.0,
		0.0,
		9.047230186262187,
		11.120596471167124,
		13.40312307505774,
		15.839789684126025,
		18.355165213336747,
		20.0,
		20.0,
		20.0,
		20.0,
		20.0,
		20.0,
		20.0,
		20.0,
		20.0,
		20.0,
		20.0,
		20.0,
		20.0,
		18.355165213336747,
		15.839789684126025,
		13.40312307505774,
		11.120596471167124,
		0.0,
		0.0,
		0.0,
		0.0,
		0.0,
		0.0,
		0.0,
		0.0,
		0.0,
		0.0,
		0.0,
		0.0,
		0.0,
		0.0,
		0.0,
		0.0,
		0.0,
		0.0
	],
	[
		0.0,
		0.0,
		0.0,
		0.0,
		0.0,
		0.0,
		0.0,
		0.0,
		0.0,
		0.0,
		9.136563968632714,
		11.230403000296251,
		13.535467633029828,
		15.996194273741231,
		18.536407018926397,
		20.0,
		20.0,
		20.0,
		20.0,
		20.0,
		20.0,
		20.0,
		20.0,
		20.0,
		20.0,
		20.0,
		20.0,
		20.0,
		18.536407018926397,
		15.996194273741231,
		13.535467633029828,
		11.230403000296251,
		0.0,
		0.0,
		0.0,
		0.0,
		0.0,
		0.0,
		0.0,
		0.0,
		0.0,
		0.0,
		0.0,
		0.0,
		0.0,
		0.0,
		0.0,
		0.0,
		0.0,
		0.0
	],
	[
		0.0,
		0.0,
		0.0,
		0.0,
		0.0,
		0.0,
		0.0,
		0.0,
		0.0,
		0.0,
		9.047230186262187,
		11.120596471167124,
		13.40312307505774,
		15.839789684126025,
		18.355165213336747,
		20.0,
		20.0,
		20.0,
		20.0,
		20.0,
		20.0,
		20.0,
		20.0,
		20.0,
		20.0,
		20.0,
		20.0,
		20.0,
		18.355165213336747,
		15.839789684126025,
		13.40312307505774,
		11.120596471167124,
		0.0,
		0.0,
		0.0,
		0.0,
		0.0,
		0.0,
		0.0,
		0.0,
		0.0,
		0.0,
		0.0,
		0.0,
		0.0,
		0.0,
		0.0,
		0.0,
		0.0,
		0.0
	]
]