[
	[
		11.322973070300568,
		11.493985376950558,
		11.322973070300568,
		10.82505164186523,
		10.043362718263625,
		9.042905380334433,
		7.901626440535105,
		6.70046078279036,
		5.514073028180938,
		4.403723328185109,
		3.41308580329343,
		2.567166608540769,
		1.87387480655098,
		7.0702799414190824,
		8.435718210916097,
		9.9340676772942,
		11.546537242558943,
		13.246343199050825,
		14.998914906417065,
		16.762673094125,
		18.490399974508176,
		20.0,
		20.0,
		20.0,
		20.0,
		20.0,
		20.0,
		20.0,
		20.0,
		20.0,
		20.0,
		20.0,
		20.0,
		20.0,
		18.490399974508176,
		16.762673094125,
		14.998914906417065,
		13.246343199050825,
		11.546537242558943,
		9.9340676772942,
		8.435718210916097,
		7.0702799414190824,
		5.848853604901335,
		7.611146583651933,
		6.028176886738686,
		4.645243298277958,
		3.4827116609393,
		0.0,
		0.0,
		0.0
	],
	[
		14.177934387057615,
		14.392065538656174,
		14.177934387057615,
		13.554467626301744,
		12.57568456278086,
		11.322973070300568,
		9.89393338034076,
		8.389907204727875,
		6.904385015632488,
		5.514073028180938,
		4.273657305025062,
		3.2144490241704773,
		2.3463514301314894,
		7.4989149456646675,
		8.947132771741089,
		10.53631952252712,
		12.24654489161855,
		14.04940141179594,
		15.90822260114193,
		17.778908450065586,
		19.611378597312907,
		20.0,
		20.0,
		20.0,
		20.0,
		20.0,
		20.0,
		20.0,
		20.0,
		20.0,
		20.0,
		20.0,
		20.0,
		20.0,
		19.611378597312907,
		17.778908450065586,
		15.90822260114193,
		14.04940141179594,
		12.24654489161855,
		10.53631952252712,
		8.947132771741089,
		7.4989149456646675,
		6.2034397613959396,
		8.850624481303763,
		7.0098676125876604,
		5.401722802929437,
		4.049872479639143,
		0.0,
		0.0,
		0.0
	],
	[
		17.228406815786037,
		17.488609641596852,
		17.228406815786037,
		16.470797230554233,
		15.281422788383555,
		13.759182479882593,
		12.022675844825313,
		10.195048906538482,
		8.389907204727875,
		6.70046078279036,
		5.193161756302067,
		3.90605810163497,
		2.851183809117342,
		7.850184101135786,
		9.366240308683407,
		11.029868800958615,
		12.82020568290476,
		14.707512805851612,
		16.65340613217802,
		18.611719890347807,
		20.0,
		20.0,
		20.0,
		20.0,
		20.0,
		20.0,
		20.0,
		20.0,
		20.0,
		20.0,
		20.0,
		20.0,
		20.0,
		20.0,
		20.0,
		18.611719890347807,
		16.65340613217802,
		14.707512805851612,
		12.82020568290476,
		11.029868800958615,
		9.366240308683407,
		7.850184101135786,
		6.494025407691514,
		10.013463516946755,
		7.930858861490556,
		6.111427993590056,
		4.581964855566832,
		0.0,
		0.0,
		0.0
	],
	[
		20.0,
		20.0,
		20.0,
		19.42345326875285,
		18.020864276053935,
		16.225737842153595,
		14.177934387057615,
		12.022675844825313,
		9.89393338034076,
		7.901626440535105,
		6.124119754415402,
		4.606282011741296,
		3.3623044896869234,
		8.111120472742375,
		9.67756966481782,
		11.396496373909732,
		13.246343199050825,
		15.196383509706967,
		17.206957401172176,
		19.23036457370535,
		20.0,
		20.0,
		20.0,
		20.0,
		20.0,
		20.0,
		20.0,
		20.0,
		20.0,
		20.0,
		20.0,
		20.0,
		20.0,
		20.0,
		20.0,
		19.23036457370535,
		17.206957401172176,
		15.196383509706967,
		13.246343199050825,
		11.396496373909732,
		9.67756966481782,
		8.111120472742375,
		6.709883711799167,
		11.022530307927228,
		8.730059486483043,
		6.727282739888719,
		5.043694062985156,
		0.0,
		0.0,
		0.0
	],
	[
		20.0,
		20.0,
		20.0,
		20.0,
		20.0,
		18.569317739446348,
		16.225737842153595,
		13.759182479882593,
		11.322973070300568,
		9.042905380334433,
		7.008662823253521,
		5.271594740752161,
		3.8479421406377496,
		8.271827288020903,
		9.869312766858462,
		11.622296822040063,
		13.508794932662681,
		15.497471676971045,
		17.547881362771367,
		19.611378597312907,
		20.0,
		20.0,
		20.0,
		20.0,
		20.0,
		20.0,
		20.0,
		20.0,
		20.0,
		20.0,
		20.0,
		20.0,
		20.0,
		20.0,
		20.0,
		19.611378597312907,
		17.547881362771367,
		15.497471676971045,
		13.508794932662681,
		11.622296822040063,
		9.869312766858462,
		8.271827288020903,
		6.842827618357607,
		11.804969248089497,
		9.349766423214694,
		7.204821728680149,
		5.401722802929437,
		0.0,
		0.0,
		0.0
	],
	[
		20.0,
		20.0,
		20.0,
		20.0,
		20.0,
		20.0,
		18.020864276053935,
		15.281422788383555,
		12.57568456278086,
		10.043362718263625,
		7.784062747910939,
		5.854815002289321,
		4.273657305025062,
		8.326100715951409,
		9.9340676772942,
		11.69855347815659,
		13.59742935196053,
		15.599154277789268,
		17.663017189634513,
		19.740053520743736,
		20.0,
		20.0,
		20.0,
		20.0,
		20.0,
		20.0,
		20.0,
		20.0,
		20.0,
		20.0,
		20.0,
		20.0,
		20.0,
		20.0,
		20.0,
		19.740053520743736,
		17.663017189634513,
		15.599154277789268,
		13.59742935196053,
		11.69855347815659,
		9.9340676772942,
		8.326100715951409,
		6.887725039284616,
		12.300846389153662,
		9.74251081298189,
		7.507466007171011,
		5.628626474090737,
		0.0,
		0.0,
		0.0
	],
	[
		20.0,
		20.0,
		20.0,
		20.0,
		20.0,
		20.0,
		19.42345326875285,
		16.470797230554233,
		13.554467626301744,
		10.82505164186523,
		8.389907204727875,
		6.310503417156938,
		4.606282011741296,
		8.271827288020903,
		9.869312766858462,
		11.622296822040063,
		13.508794932662681,
		15.497471676971045,
		17.547881362771367,
		19.611378597312907,
		20.0,
		20.0,
		20.0,
		20.0,
		20.0,
		20.0,
		20.0,
		20.0,
		20.0,
		20.0,
		20.0,
		20.0,
		20.0,
		20.0,
		20.0,
		19.611378597312907,
		17.547881362771367,
		15.497471676971045,
		13.508794932662681,
		11.622296822040063,
		9.869312766858462,
		8.271827288020903,
		6.842827618357607,
		12.47072512634841,
		9.877058093848262,
		7.611146583651933,
		5.706359658239966,
		0.0,
		0.0,
		0.0
	],
	[
		20.0,
		20.0,
		20.0,
		20.0,
		20.0,
		20.0,
		20.0,
		17.228406815786037,
		14.177934387057615,
		11.322973070300568,
		8.775818950743176,
		6.6007685336266695,
		4.818157815658203,
		8.111120472742375,
		9.67756966481782,
		11.396496373909732,
		13.246343199050825,
		15.196383509706967,
		17.206957401172176,
		19.23036457370535,
		20.0,
		20.0,
		20.0,
		20.0,
		20.0,
		20.0,
		20.0,
		20.0,
		20.0,
		20.0,
		20.0,
		20.0,
		20.0,
		20.0,
		20.0,
		19.23036457370535,
		17.206957401172176,
		15.196383509706967,
		13.246343199050825,
		11.396496373909732,
		9.67756966481782,
		8.111120472742375,
		6.709883711799167,
		12.300846389153662,
		9.74251081298189,
		7.507466007171011,
		5.628626474090737,
		0.0,
		0.0,
		0.0
	],
	[
		20.0,
		20.0,
		20.0,
		20.0,
		20.0,
		20.0,
		20.0,
		17.488609641596852,
		14.392065538656174,
		11.493985376950558,
		8.908361263808086,
		6.70046078279036,
		4.890927067756894,
		7.850184101135786,
		9.366240308683407,
		11.029868800958615,
		12.82020568290476,
		14.707512805851612,
		16.65340613217802,
		18.611719890347807,
		20.0,
		20.0,
		20.0,
		20.0,
		20.0,
		20.0,
		20.0,
		20.0,
		20.0,
		20.0,
		20.0,
		20.0,
		20.0,
		20.0,
		20.0,
		18.611719890347807,
		16.65340613217802,
		14.707512805851612,
		12.82020568290476,
		11.029868800958615,
		9.366240308683407,
		7.850184101135786,
		6.494025407691514,
		11.804969248089497,
		9.349766423214694,
		7.204821728680149,
		5.401722802929437,
		0.0,
		0.0,
		0.0
	],
	[
		20.0,
		20.0,
		20.0,
		20.0,
		20.0,
		20.0,
		20.0,
		17.228406815786037,
		14.177934387057615,
		11.322973070300568,
		8.775818950743176,
		6.6007685336266695,
		4.818157815658203,
		7.4989149456646675,
		8.947132771741089,
		10.53631952252712,
		12.24654489161855,
		14.04940141179594,
		15.90822260114193,
		17.778908450065586,
		19.611378597312907,
		20.0,
		20.0,
		20.0,
		20.0,
		20.0,
		20.0,
		20.0,
		20.0,
		20.0,
		20.0,
		20.0,
		20.0,
		20.0,
		19.611378597312907,
		17.778908450065586,
		15.90822260114193,
		14.04940141179594,
		12.24654489161855,
		10.53631952252712,
		8.947132771741089,
		7.4989149456646675,
		6.2034397613959396,
		11.022530307927228,
		8.730059486483043,
		6.727282739888719,
		5.043694062985156,
		0.0,
		0.0,
		0.0
	],
	[
		20.0,
		20.0,
		20.0,
		20.0,
		20.0,
		20.0,
		19.42345326875285,
		16.470797230554233,
		13.554467626301744,
		10.82505164186523,
		8.389907204727875,
		6.310503417156938,
		4.606282011741296,
		7.0702799414190824,
		8.435718210916097,
		9.9340676772942,
		11.546537242558943,
		13.246343199050825,
		14.998914906417065,
		16.762673094125,
		18.490399974508176,
		20.0,
		20.0,
		20.0,
		20.0,
		20.0,
		20.0,
		20.0,
		20.0,
		20.0,
		20.0,
		20.0,
		20.0,
		20.0,
		18.490399974508176,
		16.762673094125,
		14.998914906417065,
		13.246343199050825,
		11.546537242558943,
		9.9340676772942,
		8.435718210916097,
		7.0702799414190824,
		5.848853604901335,
		10.013463516946755,
		7.930858861490556,
		6.111427993590056,
		4.581964855566832,
		0.0,
		0.0,
		0.0
	],
	[
		20.0,
		20.0,
		20.0,
		20.0,
		20.0,
		20.0,
		18.020864276053935,
		15.281422788383555,
		12.57568456278086,
		10.043362718263625,
		7.784062747910939,
		5.854815002289321,
		4.273657305025062,
		6.579522667659123,
		7.850184101135786,
		9.244531193442146,
		10.745077160995509,
		12.326897387920726,
		13.957820826717379,
		15.599154277789268,
		17.206957401172176,
		18.733835815035256,
		20.0,
		20.0,
		20.0,
		20.0,
		20.0,
		20.0,
		20.0,
		20.0,
		20.0,
		20.0,
		20.0,
		18.733835815035256,
		17.206957401172176,
		15.599154277789268,
		13.957820826717379,
		12.326897387920726,
		10.745077160995509,
		9.244531193442146,
		7.850184101135786,
		6.579522667659123,
		5.442877112662703,
		8.850624481303763,
		7.0098676125876604,
		5.401722802929437,
		4.049872479639143,
		0.0,
		0.0,
		0.0
	],
	[
		20.0,
		20.0,
		20.0,
		20.0,
		20.0,
		18.569317739446348,
		16.225737842153595,
		13.759182479882593,
		11.322973070300568,
		9.042905380334433,
		7.008662823253521,
		5.271594740752161,
		3.8479421406377496,
		6.043266706308762,
		7.210364431142973,
		8.49106696620566,
		9.869312766858462,
		11.322208667609873,
		12.82020568290476,
		14.32776425513514,
		15.804525348093888,
		17.206957401172176,
		18.490399974508176,
		19.611378597312907,
		20.0,
		20.0,
		20.0,
		20.0,
		20.0,
		20.0,
		20.0,
		19.611378597312907,
		18.490399974508176,
		17.206957401172176,
		15.804525348093888,
		14.32776425513514,
		12.82020568290476,
		11.322208667609873,
		9.869312766858462,
		8.49106696620566,
		7.210364431142973,
		6.043266706308762,
		4.999262059414279,
		7.611146583651933,
		6.028176886738686,
		4.645243298277958,
		3.4827116609393,
		0.0,
		0.0,
		0.0
	],
	[
		20.0,
		20.0,
		20.0,
		19.42345326875285,
		18.020864276053935,
		16.225737842153595,
		14.177934387057615,
		12.022675844825313,
		9.89393338034076,
		7.901626440535105,
		6.124119754415402,
		4.606282011741296,
		3.3623044896869234,
		5.478589125066117,
		6.536634254282597,
		7.697669059136461,
		8.947132771741089,
		10.264271344063292,
		11.622296822040063,
		12.988990433394234,
		14.32776425513514,
		15.599154277789268,
		16.762673094125,
		17.778908450065586,
		18.611719890347807,
		19.23036457370535,
		19.611378597312907,
		19.740053520743736,
		19.611378597312907,
		19.23036457370535,
		18.611719890347807,
		17.778908450065586,
		16.762673094125,
		15.599154277789268,
		14.32776425513514,
		12.988990433394234,
		11.622296822040063,
		10.264271344063292,
		8.947132771741089,
		7.697669059136461,
		6.536634254282597,
		5.478589125066117,
		4.532135363721502,
		0.0,
		0.0,
		0.0,
		0.0,
		0.0,
		0.0,
		0.0
	],
	[
		17.228406815786037,
		17.488609641596852,
		17.228406815786037,
		16.470797230554233,
		15.281422788383555,
		13.759182479882593,
		12.022675844825313,
		10.195048906538482,
		8.389907204727875,
		6.70046078279036,
		5.193161756302067,
		3.90605810163497,
		2.851183809117342,
		4.902135335615931,
		5.848853604901335,
		6.887725039284616,
		8.005720945950658,
		9.18427100507842,
		10.39940587471081,
		11.622296822040063,
		12.82020568290476,
		13.957820826717379,
		14.998914906417065,
		15.90822260114193,
		16.65340613217802,
		17.206957401172176,
		17.547881362771367,
		17.663017189634513,
		17.547881362771367,
		17.206957401172176,
		16.65340613217802,
		15.90822260114193,
		14.998914906417065,
		13.957820826717379,
		12.82020568290476,
		11.622296822040063,
		10.39940587471081,
		9.18427100507842,
		8.005720945950658,
		6.887725039284616,
		5.848853604901335,
		4.902135335615931,
		4.055266858878674,
		0.0,
		0.0,
		0.0,
		0.0,
		0.0,
		0.0,
		0.0
	],
	[
		14.177934387057615,
		14.392065538656174,
		14.177934387057615,
		13.554467626301744,
		12.57568456278086,
		11.322973070300568,
		9.89393338034076,
		8.389907204727875,
		6.904385015632488,
		5.514073028180938,
		4.273657305025062,
		3.2144490241704773,
		2.3463514301314894,
		4.329337653351256,
		5.165435143470398,
		6.082918017757764,
		7.0702799414190824,
		8.111120472742375,
		9.18427100507842,
		10.264271344063292,
		11.322208667609873,
		12.326897387920726,
		13.246343199050825,
		14.04940141179594,
		14.707512805851612,
		15.196383509706967,
		15.497471676971045,
		15.599154277789268,
		15.497471676971045,
		15.196383509706967,
		14.707512805851612,
		14.04940141179594,
		13.246343199050825,
		12.326897387920726,
		11.322208667609873,
		10.264271344063292,
		9.18427100507842,
		8.111120472742375,
		7.0702799414190824,
		6.082918017757764,
		5.165435143470398,
		4.329337653351256,
		3.5814228503597625,
		0.0,
		0.0,
		0.0,
		0.0,
		0.0,
		0.0,
		0.0
	],
	[
		11.322973070300568,
		11.493985376950558,
		11.322973070300568,
		10.82505164186523,
		10.043362718263625,
		9.042905380334433,
		7.901626440535105,
		6.70046078279036,
		5.514073028180938,
		4.403723328185109,
		3.41308580329343,
		2.567166608540769,
		1.87387480655098,
		3.7737855420819084,
		4.502592780653418,
		5.302341814645546,
		6.1630028327185915,
		7.0702799414190824,
		8.005720945950658,
		8.947132771741089,
		9.869312766858462,
		10.745077160995509,
		11.546537242558943,
		12.24654489161855,
		12.82020568290476,
		13.246343199050825,
		13.508794932662681,
		13.59742935196053,
		13.508794932662681,
		13.246343199050825,
		12.82020568290476,
		12.24654489161855,
		11.546537242558943,
		10.745077160995509,
		9.869312766858462,
		8.947132771741089,
		8.005720945950658,
		7.0702799414190824,
		6.1630028327185915,
		5.302341814645546,
		4.502592780653418,
		3.7737855420819084,
		3.1218451539134042,
		0.0,
		0.0,
		0.0,
		0.0,
		0.0,
		0.0,
		0.0
	],
	[
		8.775818950743176,
		8.908361263808086,
		8.775818950743176,
		8.389907204727875,
		7.784062747910939,
		7.008662823253521,
		6.124119754415402,
		5.193161756302067,
		4.273657305025062,
		3.41308580329343,
		2.6452966802172124,
		1.9896708429024947,
		1.4523381744838657,
		3.2467778163358476,
		3.8738073992817674,
		4.561871782709655,
		5.302341814645546,
		6.082918017757764,
		6.887725039284616,
		7.697669059136461,
		8.49106696620566,
		9.244531193442146,
		9.9340676772942,
		10.53631952252712,
		11.029868800958615,
		11.396496373909732,
		11.622296822040063,
		11.69855347815659,
		11.622296822040063,
		11.396496373909732,
		11.029868800958615,
		10.53631952252712,
		9.9340676772942,
		9.244531193442146,
		8.49106696620566,
		7.697669059136461,
		6.887725039284616,
		6.082918017757764,
		5.302341814645546,
		4.561871782709655,
		3.8738073992817674,
		3.2467778163358476,
		2.685880657163643,
		0.0,
		0.0,
		0.0,
		0.0,
		0.0,
		0.0,
		0.0
	],
	[
		6.6007685336266695,
		6.70046078279036,
		6.6007685336266695,
		6.310503417156938,
		5.854815002289321,
		5.271594740752161,
		4.606282011741296,
		3.90605810163497,
		3.2144490241704773,
		2.567166608540769,
		1.9896708429024947,
		1.49653915672372,
		1.0923821669664306,
		0.0,
		0.0,
		0.0,
		0.0,
		0.0,
		0.0,
		0.0,
		0.0,
		0.0,
		0.0,
		0.0,
		0.0,
		0.0,
		0.0,
		0.0,
		0.0,
		0.0,
		0.0,
		0.0,
		0.0,
		0.0,
		0.0,
		0.0,
		0.0,
		0.0,
		0.0,
		0.0,
		0.0,
		0.0,
		0.0,
		0.0,
		0.0,
		0.0,
		0.0,
		0.0,
		0.0,
		0.0
	],
	[
		4.818157815658203,
		4.890927067756894,
		4.818157815658203,
		4.606282011741296,
		4.273657305025062,
		3.8479421406377496,
		3.3623044896869234,
		2.851183809117342,
		2.3463514301314894,
		1.87387480655098,
		1.4523381744838657,
		1.0923821669664306,
		0.7973722527372349,
		0.0,
		0.0,
		0.0,
		0.0,
		0.0,
		0.0,
		0.0,
		0.0,
		0.0,
		0.0,
		0.0,
		0.0,
		0.0,
		0.0,
		0.0,
		0.0,
		0.0,
		0.0,
		0.0,
		0.0,
		0.0,
		0.0,
		0.0,
		0.0,
		0.0,
		0.0,
		0.0,
		0.0,
		0.0,
		0.0,
		0.0,
		0.0,
		0.0,
		0.0,
		0.0,
		0.0,
		0.0
	],
	[
		3.41308580329343,
		3.4646340735570504,
		3.41308580329343,
		3.2629972578207056,
		3.027372625387879,
		2.725804590589382,
		2.38178867508359,
		2.0197210954471605,
		1.6621080218031459,
		1.3274151125983127,
		1.0288070658048412,
		0.7738214912196074,
		0.5648424190077668,
		0.0,
		0.0,
		0.0,
		0.0,
		0.0,
		0.0,
		0.0,
		0.0,
		0.0,
		0.0,
		0.0,
		0.0,
		0.0,
		0.0,
		0.0,
		0.0,
		0.0,
		0.0,
		0.0,
		0.0,
		0.0,
		0.0,
		0.0,
		0.0,
		0.0,
		0.0,
		0.0,
		0.0,
		0.0,
		0.0,
		0.0,
		0.0,
		0.0,
		0.0,
		0.0,
		0.0,
		0.0
	],
	[
		2.3463514301314894,
		2.38178867508359,
		2.3463514301314894,
		2.243171934035473,
		2.081190013525449,
		1.87387480655098,
		1.6373784856685338,
		1.388472412910436,
		1.1426286237010699,
		0.912541473413241,
		0.7072611323897147,
		0.5319693870097271,
		0.3883051566881053,
		0.0,
		0.0,
		0.0,
		0.0,
		0.0,
		0.0,
		0.0,
		0.0,
		0.0,
		0.0,
		0.0,
		0.0,
		0.0,
		0.0,
		0.0,
		0.0,
		0.0,
		0.0,
		0.0,
		0.0,
		0.0,
		0.0,
		0.0,
		0.0,
		0.0,
		0.0,
		0.0,
		0.0,
		0.0,
		0.0,
		0.0,
		0.0,
		0.0,
		0.0,
		0.0,
		0.0,
		0.0
	],
	[
		1.5653756795670326,
		1.5890177481363472,
		1.5653756795670326,
		1.49653915672372,
		1.388472412910436,
		1.2501614255473652,
		1.0923821669664306,
		0.9263237036908617,
		0.7623082524422055,
		0.6088048920264694,
		0.47185147183337944,
		0.3549050368181814,
		0.259058997183539,
		0.0,
		0.0,
		0.0,
		0.0,
		0.0,
		0.0,
		0.0,
		0.0,
		0.0,
		0.0,
		0.0,
		0.0,
		0.0,
		0.0,
		0.0,
		0.0,
		0.0,
		0.0,
		0.0,
		0.0,
		0.0,
		0.0,
		0.0,
		0.0,
		0.0,
		0.0,
		0.0,
		0.0,
		0.0,
		0.0,
		0.0,
		0.0,
		0.0,
		0.0,
		0.0,
		0.0,
		0.0
	],
	[
		1.0135000453370833,
		1.0288070658048412,
		1.0135000453370833,
		0.9689319458493993,
		0.8989643009039457,
		0.8094150675838899,
		0.7072611323897147,
		0.599746839012584,
		0.4935552905898609,
		0.39416977900214195,
		0.3054995004315967,
		0.2297827132494319,
		0.1677273441881482,
		0.0,
		0.0,
		0.0,
		0.0,
		0.0,
		0.0,
		0.0,
		0.0,
		0.0,
		0.0,
		0.0,
		0.0,
		0.0,
		0.0,
		0.0,
		0.0,
		0.0,
		0.0,
		0.0,
		0.0,
		0.0,
		0.0,
		0.0,
		0.0,
		0.0,
		0.0,
		0.0,
		0.0,
		0.0,
		0.0,
		0.0,
		0.0,
		0.0,
		0.0,
		0.0,
		0.0,
		0.0
	],
	[
		20.0,
		20.0,
		20.0,
		20.0,
		20.0,
		20.0,
		19.070150535025704,
		16.887405785932653,
		0.0,
		0.0,
		0.0,
		0.0,
		0.0,
		0.0,
		0.0,
		0.0,
		0.0,
		0.0,
		0.0,
		0.0,
		0.0,
		0.0,
		0.0,
		0.0,
		0.0,
		0.0,
		0.0,
		0.0,
		0.0,
		0.0,
		0.0,
		0.0,
		0.0,
		0.0,
		0.0,
		0.0,
		0.0,
		0.0,
		0.0,
		0.0,
		0.0,
		0.0,
		0.0,
		0.0,
		0.0,
		0.0,
		0.0,
		0.0,
		0.0,
		0.0
	],
	[
		20.0,
		20.0,
		20.0,
		20.0,
		20.0,
		19.070150535025704,
		17.26479141911453,
		15.288685737880161,
		0.0,
		0.0,
		0.0,
		0.0,
		0.0,
		0.0,
		0.0,
		0.0,
		0.0,
		0.0,
		0.0,
		0.0,
		0.0,
		0.0,
		0.0,
		0.0,
		0.0,
		0.0,
		0.0,
		0.0,
		0.0,
		0.0,
		0.0,
		0.0,
		0.0,
		0.0,
		0.0,
		0.0,
		0.0,
		0.0,
		0.0,
		0.0,
		0.0,
		0.0,
		0.0,
		0.0,
		0.0,
		0.0,
		0.0,
		0.0,
		0.0,
		0.0
	],
	[
		19.9320016650855,
		20.0,
		19.9320016650855,
		19.28205510404855,
		18.245565475020797,
		16.887405785932653,
		15.288685737880161,
		13.538762555386171,
		0.0,
		0.0,
		0.0,
		0.0,
		0.0,
		0.0,
		0.0,
		0.0,
		0.0,
		0.0,
		0.0,
		0.0,
		0.0,
		0.0,
		0.0,
		0.0,
		0.0,
		0.0,
		0.0,
		0.0,
		0.0,
		0.0,
		0.0,
		0.0,
		0.0,
		0.0,
		0.0,
		0.0,
		0.0,
		0.0,
		0.0,
		0.0,
		0.0,
		0.0,
		0.0,
		0.0,
		0.0,
		0.0,
		0.0,
		0.0,
		0.0,
		0.0
	],
	[
		17.26479141911453,
		17.45663511632171,
		17.26479141911453,
		16.701817765067045,
		15.804026486803938,
		14.62760957996461,
		13.242823012565703,
		11.72706662979589,
		0.0,
		0.0,
		0.0,
		0.0,
		0.0,
		0.0,
		0.0,
		0.0,
		0.0,
		0.0,
		0.0,
		0.0,
		0.0,
		0.0,
		0.0,
		0.0,
		0.0,
		0.0,
		0.0,
		0.0,
		0.0,
		0.0,
		0.0,
		0.0,
		0.0,
		0.0,
		0.0,
		0.0,
		0.0,
		0.0,
		0.0,
		0.0,
		0.0,
		0.0,
		0.0,
		0.0,
		0.0,
		0.0,
		0.0,
		0.0,
		0.0,
		0.0
	],
	[
		14.62760957996461,
		14.790149319658,
		14.62760957996461,
		14.15062966081566,
		13.389975217681727,
		12.393254967852155,
		11.219993341472806,
		9.935767424851024,
		0.0,
		0.0,
		0.0,
		0.0,
		0.0,
		0.0,
		0.0,
		0.0,
		0.0,
		0.0,
		0.0,
		0.0,
		0.0,
		0.0,
		0.0,
		0.0,
		0.0,
		0.0,
		0.0,
		0.0,
		0.0,
		0.0,
		0.0,
		0.0,
		0.0,
		0.0,
		0.0,
		0.0,
		0.0,
		0.0,
		0.0,
		0.0,
		0.0,
		0.0,
		0.0,
		0.0,
		0.0,
		0.0,
		0.0,
		0.0,
		0.0,
		0.0
	],
	[
		12.1223547142847,
		12.257056448628882,
		12.1223547142847,
		11.72706662979589,
		11.096688650109032,
		10.270675599015975,
		9.298357221916971,
		8.234079288501942,
		0.0,
		0.0,
		0.0,
		0.0,
		0.0,
		0.0,
		0.0,
		0.0,
		0.0,
		0.0,
		0.0,
		0.0,
		0.0,
		0.0,
		0.0,
		0.0,
		0.0,
		0.0,
		0.0,
		0.0,
		0.0,
		0.0,
		0.0,
		0.0,
		0.0,
		0.0,
		0.0,
		0.0,
		0.0,
		0.0,
		0.0,
		0.0,
		0.0,
		0.0,
		0.0,
		0.0,
		0.0,
		0.0,
		0.0,
		0.0,
		0.0,
		0.0
	],
	[
		9.826576028876213,
		9.935767424851024,
		9.826576028876213,
		9.506149139291722,
		8.995154593238478,
		8.325575106520015,
		7.537398165485775,
		6.674677326585198,
		0.0,
		0.0,
		0.0,
		0.0,
		0.0,
		0.0,
		0.0,
		0.0,
		0.0,
		0.0,
		0.0,
		0.0,
		0.0,
		0.0,
		0.0,
		0.0,
		0.0,
		0.0,
		0.0,
		0.0,
		0.0,
		0.0,
		0.0,
		0.0,
		0.0,
		0.0,
		0.0,
		0.0,
		0.0,
		0.0,
		0.0,
		0.0,
		0.0,
		0.0,
		0.0,
		0.0,
		0.0,
		0.0,
		0.0,
		0.0,
		0.0,
		0.0
	],
	[
		7.791463719722009,
		7.878041261863189,
		7.791463719722009,
		7.537398165485775,
		7.1322320674624144,
		6.601324428534429,
		5.976381211004361,
		5.292332352399976,
		0.0,
		0.0,
		0.0,
		0.0,
		0.0,
		0.0,
		0.0,
		0.0,
		0.0,
		0.0,
		0.0,
		0.0,
		0.0,
		0.0,
		0.0,
		0.0,
		0.0,
		0.0,
		0.0,
		0.0,
		0.0,
		0.0,
		0.0,
		0.0,
		0.0,
		0.0,
		0.0,
		0.0,
		0.0,
		0.0,
		0.0,
		0.0,
		0.0,
		0.0,
		0.0,
		0.0,
		0.0,
		0.0,
		0.0,
		0.0,
		0.0,
		0.0
	],
	[
		6.042789836489939,
		6.109936384370888,
		6.042789836489939,
		5.845745378071324,
		5.531512562865043,
		5.119758956606404,
		4.635074607282531,
		4.104549966581953,
		0.0,
		0.0,
		0.0,
		0.0,
		0.0,
		0.0,
		0.0,
		0.0,
		0.0,
		0.0,
		0.0,
		0.0,
		0.0,
		0.0,
		0.0,
		0.0,
		0.0,
		0.0,
		0.0,
		0.0,
		0.0,
		0.0,
		0.0,
		0.0,
		0.0,
		0.0,
		0.0,
		0.0,
		0.0,
		0.0,
		0.0,
		0.0,
		0.0,
		0.0,
		0.0,
		0.0,
		0.0,
		0.0,
		0.0,
		0.0,
		0.0,
		0.0
	],
	[
		4.584136391322412,
		4.635074607282531,
		4.584136391322412,
		4.4346559862468204,
		4.196275019423136,
		3.8839135536461167,
		3.516225908674073,
		3.1137632419695436,
		0.0,
		0.0,
		0.0,
		0.0,
		0.0,
		0.0,
		0.0,
		0.0,
		0.0,
		0.0,
		0.0,
		0.0,
		0.0,
		0.0,
		0.0,
		0.0,
		0.0,
		0.0,
		0.0,
		0.0,
		0.0,
		0.0,
		0.0,
		0.0,
		0.0,
		0.0,
		0.0,
		0.0,
		0.0,
		0.0,
		0.0,
		0.0,
		0.0,
		0.0,
		0.0,
		0.0,
		0.0,
		0.0,
		0.0,
		0.0,
		0.0,
		0.0
	],
	[
		6.94264609735481,
		7.503269432536743,
		8.012859267258976,
		8.455434857125926,
		8.816492454754584,
		9.083792220260289,
		9.248046456143125,
		9.30345525025309,
		9.248046456143125,
		9.083792220260289,
		8.816492454754584,
		8.455434857125926,
		8.012859267258976,
		7.503269432536743,
		6.94264609735481,
		6.347620774900943,
		5.734669285699513,
		5.119378515670698,
		4.515829797428264,
		3.936129221205679,
		3.390100630237221,
		0.0,
		0.0,
		0.0,
		0.0,
		0.0,
		0.0,
		0.0,
		0.0,
		0.0,
		0.0,
		0.0,
		0.0,
		0.0,
		0.0,
		0.0,
		0.0,
		0.0,
		0.0,
		0.0,
		0.0,
		0.0,
		0.0,
		0.0,
		0.0,
		0.0,
		0.0,
		0.0,
		0.0,
		0.0
	],
	[
		8.157748763216935,
		8.816492454754584,
		9.415270757099147,
		9.93530597425399,
		10.359555911410872,
		10.673638510593502,
		10.86664054048768,
		10.93174698769577,
		10.86664054048768,
		10.673638510593502,
		10.359555911410872,
		9.93530597425399,
		9.415270757099147,
		8.816492454754584,
		8.157748763216935,
		7.4585820448989395,
		6.738351720203276,
		6.015372693498493,
		5.30619081374528,
		4.625030980390424,
		3.9834364067665176,
		0.0,
		0.0,
		0.0,
		0.0,
		0.0,
		0.0,
		0.0,
		0.0,
		0.0,
		0.0,
		0.0,
		0.0,
		0.0,
		0.0,
		0.0,
		0.0,
		0.0,
		0.0,
		0.0,
		0.0,
		0.0,
		0.0,
		0.0,
		0.0,
		0.0,
		0.0,
		0.0,
		0.0,
		0.0
	],
	[
		9.471681459764156,
		10.236526099011579,
		10.93174698769577,
		11.535541988953884,
		12.028123996651109,
		12.392794498018635,
		12.61688251559625,
		12.692475371766637,
		12.61688251559625,
		12.392794498018635,
		12.028123996651109,
		11.535541988953884,
		10.93174698769577,
		10.236526099011579,
		9.471681459764156,
		8.659903034687325,
		7.823668380840285,
		6.984242303646696,
		6.160835619152242,
		5.369964368763421,
		4.625030980390424,
		0.0,
		0.0,
		0.0,
		0.0,
		0.0,
		0.0,
		0.0,
		0.0,
		0.0,
		0.0,
		0.0,
		0.0,
		0.0,
		0.0,
		0.0,
		0.0,
		0.0,
		0.0,
		0.0,
		0.0,
		0.0,
		0.0,
		0.0,
		0.0,
		0.0,
		0.0,
		0.0,
		0.0,
		0.0
	],
	[
		10.86664054048768,
		11.744129062386056,
		12.541739869470527,
		13.234459875594826,
		13.799587792649035,
		14.217965804083871,
		14.47505679123232,
		14.561782722517261,
		14.47505679123232,
		14.217965804083871,
		13.799587792649035,
		13.234459875594826,
		12.541739869470527,
		11.744129062386056,
		10.86664054048768,
		9.93530597425399,
		8.9759133437631,
		8.012859267258976,
		7.068183868593406,
		6.160835619152242,
		5.30619081374528,
		0.0,
		0.0,
		0.0,
		0.0,
		0.0,
		0.0,
		0.0,
		0.0,
		0.0,
		0.0,
		0.0,
		0.0,
		0.0,
		0.0,
		0.0,
		0.0,
		0.0,
		0.0,
		0.0,
		0.0,
		0.0,
		0.0,
		0.0,
		0.0,
		0.0,
		0.0,
		0.0,
		0.0,
		0.0
	],
	[
		12.318986457853223,
		13.313752888003549,
		14.217965804083871,
		15.003269076308078,
		15.643927348863139,
		16.118222328799778,
		16.4096739855761,
		16.507990992480238,
		16.4096739855761,
		16.118222328799778,
		15.643927348863139,
		15.003269076308078,
		14.217965804083871,
		13.313752888003549,
		12.318986457853223,
		11.263177363366648,
		10.17556019421981,
		9.083792220260289,
		8.012859267258976,
		6.984242303646696,
		6.015372693498493,
		0.0,
		0.0,
		0.0,
		0.0,
		0.0,
		0.0,
		0.0,
		0.0,
		0.0,
		0.0,
		0.0,
		0.0,
		0.0,
		0.0,
		0.0,
		0.0,
		0.0,
		0.0,
		0.0,
		0.0,
		0.0,
		0.0,
		0.0,
		0.0,
		0.0,
		0.0,
		0.0,
		0.0,
		0.0
	],
	[
		13.799587792649035,
		14.91391377498571,
		15.926802746118815,
		16.80649049364484,
		17.524148566202793,
		18.05544838032638,
		18.381929194211345,
		18.49206278133119,
		18.381929194211345,
		18.05544838032638,
		17.524148566202793,
		16.80649049364484,
		15.926802746118815,
		14.91391377498571,
		13.799587792649035,
		12.61688251559625,
		11.398546196956472,
		10.17556019421981,
		8.9759133437631,
		7.823668380840285,
		6.738351720203276,
		0.0,
		0.0,
		0.0,
		0.0,
		0.0,
		0.0,
		0.0,
		0.0,
		0.0,
		0.0,
		0.0,
		0.0,
		0.0,
		0.0,
		0.0,
		0.0,
		0.0,
		0.0,
		0.0,
		0.0,
		0.0,
		0.0,
		0.0,
		0.0,
		0.0,
		0.0,
		0.0,
		0.0,
		0.0
	],
	[
		15.27456001274949,
		16.507990992480238,
		17.629142841962743,
		18.602856223403343,
		19.397221349567463,
		19.98530927056438,
		20.0,
		20.0,
		20.0,
		19.98530927056438,
		19.397221349567463,
		18.602856223403343,
		17.629142841962743,
		16.507990992480238,
		15.27456001274949,
		13.965441001139478,
		12.61688251559625,
		11.263177363366648,
		9.93530597425399,
		8.659903034687325,
		7.4585820448989395,
		0.0,
		0.0,
		0.0,
		0.0,
		0.0,
		0.0,
		0.0,
		0.0,
		0.0,
		0.0,
		0.0,
		0.0,
		0.0,
		0.0,
		0.0,
		0.0,
		0.0,
		0.0,
		0.0,
		0.0,
		0.0,
		0.0,
		0.0,
		0.0,
		0.0,
		0.0,
		0.0,
		0.0,
		0.0
	],
	[
		16.706395706662544,
		18.05544838032638,
		19.281696889551995,
		20.0,
		20.0,
		20.0,
		20.0,
		20.0,
		20.0,
		20.0,
		20.0,
		20.0,
		19.281696889551995,
		18.05544838032638,
		16.706395706662544,
		15.27456001274949,
		13.799587792649035,
		12.318986457853223,
		10.86664054048768,
		9.471681459764156,
		8.157748763216935,
		0.0,
		0.0,
		0.0,
		0.0,
		0.0,
		0.0,
		0.0,
		0.0,
		0.0,
		0.0,
		0.0,
		0.0,
		0.0,
		0.0,
		0.0,
		0.0,
		0.0,
		0.0,
		0.0,
		0.0,
		0.0,
		0.0,
		0.0,
		0.0,
		0.0,
		0.0,
		0.0,
		0.0,
		0.0
	],
	[
		18.05544838032638,
		19.513437963439426,
		20.0,
		20.0,
		20.0,
		20.0,
		20.0,
		20.0,
		20.0,
		20.0,
		20.0,
		20.0,
		20.0,
		19.513437963439426,
		18.05544838032638,
		16.507990992480238,
		14.91391377498571,
		13.313752888003549,
		11.744129062386056,
		10.236526099011579,
		8.816492454754584,
		0.0,
		0.0,
		0.0,
		0.0,
		0.0,
		0.0,
		0.0,
		0.0,
		0.0,
		0.0,
		0.0,
		0.0,
		0.0,
		0.0,
		0.0,
		0.0,
		0.0,
		0.0,
		0.0,
		0.0,
		0.0,
		0.0,
		0.0,
		0.0,
		0.0,
		0.0,
		0.0,
		0.0,
		0.0
	],
	[
		19.281696889551995,
		20.0,
		20.0,
		20.0,
		20.0,
		20.0,
		20.0,
		20.0,
		20.0,
		20.0,
		20.0,
		20.0,
		20.0,
		20.0,
		19.281696889551995,
		17.629142841962743,
		15.926802746118815,
		14.217965804083871,
		12.541739869470527,
		10.93174698769577,
		9.415270757099147,
		0.0,
		0.0,
		0.0,
		0.0,
		0.0,
		0.0,
		0.0,
		0.0,
		0.0,
		0.0,
		0.0,
		0.0,
		0.0,
		0.0,
		0.0,
		0.0,
		0.0,
		0.0,
		0.0,
		0.0,
		0.0,
		0.0,
		0.0,
		0.0,
		0.0,
		0.0,
		0.0,
		0.0,
		0.0
	],
	[
		20.0,
		20.0,
		20.0,
		20.0,
		20.0,
		20.0,
		20.0,
		20.0,
		20.0,
		20.0,
		20.0,
		20.0,
		20.0,
		20.0,
		20.0,
		18.602856223403343,
		16.80649049364484,
		15.003269076308078,
		13.234459875594826,
		11.535541988953884,
		9.93530597425399,
		0.0,
		0.0,
		0.0,
		0.0,
		0.0,
		0.0,
		0.0,
		0.0,
		0.0,
		0.0,
		0.0,
		0.0,
		0.0,
		0.0,
		0.0,
		0.0,
		0.0,
		0.0,
		0.0,
		0.0,
		0.0,
		0.0,
		0.0,
		0.0,
		0.0,
		0.0,
		0.0,
		0.0,
		0.0
	],
	[
		20.0,
		20.0,
		20.0,
		20.0,
		20.0,
		20.0,
		20.0,
		20.0,
		20.0,
		20.0,
		20.0,
		20.0,
		20.0,
		20.0,
		20.0,
		19.397221349567463,
		17.524148566202793,
		15.643927348863139,
		13.799587792649035,
		12.028123996651109,
		10.359555911410872,
		0.0,
		0.0,
		0.0,
		0.0,
		0.0,
		0.0,
		0.0,
		0.0,
		0.0,
		0.0,
		0.0,
		0.0,
		0.0,
		0.0,
		0.0,
		0.0,
		0.0,
		0.0,
		0.0,
		0.0,
		0.0,
		0.0,
		0.0,
		0.0,
		0.0,
		0.0,
		0.0,
		0.0,
		0.0
	],
	[
		20.0,
		20.0,
		20.0,
		20.0,
		20.0,
		20.0,
		20.0,
		20.0,
		20.0,
		20.0,
		20.0,
		20.0,
		20.0,
		20.0,
		20.0,
		19.98530927056438,
		18.05544838032638,
		16.118222328799778,
		14.217965804083871,
		12.392794498018635,
		10.673638510593502,
		0.0,
		0.0,
		0.0,
		0.0,
		0.0,
		0.0,
		0.0,
		0.0,
		0.0,
		0.0,
		0.0,
		0.0,
		0.0,
		0.0,
		0.0,
		0.0,
		0.0,
		0.0,
		0.0,
		0.0,
		0.0,
		0.0,
		0.0,
		0.0,
		0.0,
		0.0,
		0.0,
		0.0,
		0.0
	],
	[
		20.0,
		20.0,
		20.0,
		20.0,
		20.0,
		20.0,
		20.0,
		20.0,
		20.0,
		20.0,
		20.0,
		20.0,
		20.0,
		20.0,
		20.0,
		20.0,
		18.381929194211345,
		16.4096739855761,
		14.47505679123232,
		12.61688251559625,
		10.86664054048768,
		0.0,
		0.0,
		0.0,
		0.0,
		0.0,
		0.0,
		0.0,
		0.0,
		0.0,
		0.0,
		0.0,
		0.0,
		0.0,
		0.0,
		0.0,
		0.0,
		0.0,
		0.0,
		0.0,
		0.0,
		0.0,
		0.0,
		0.0,
		0.0,
		0.0,
		0.0,
		0.0,
		0.0,
		0.0
	],
	[
		20.0,
		20.0,
		20.0,
		20.0,
		20.0,
		20.0,
		20.0,
		20.0,
		20.0,
		20.0,
		20.0,
		20.0,
		20.0,
		20.0,
		20.0,
		20.0,
		18.49206278133119,
		16.507990992480238,
		14.561782722517261,
		12.692475371766637,
		10.93174698769577,
		0.0,
		0.0,
		0.0,
		0.0,
		0.0,
		0.0,
		0.0,
		0.0,
		0.0,
		0.0,
		0.0,
		0.0,
		0.0,
		0.0,
		0.0,
		0.0,
		0.0,
		0.0,
		0.0,
		0.0,
		0.0,
		0.0,
		0.0,
		0.0,
		0.0,
		0.0,
		0.0,
		0.0,
		0.0
	],
	[
		20.0,
		20.0,
		20.0,
		20.0,
		20.0,
		20.0,
		20.0,
		20.0,
		20.0,
		20.0,
		20.0,
		20.0,
		20.0,
		20.0,
		20.0,
		20.0,
		18.381929194211345,
		16.4096739855761,
		14.47505679123232,
		12.61688251559625,
		10.86664054048768,
		0.0,
		0.0,
		0.0,
		0.0,
		0.0,
		0.0,
		0.0,
		0.0,
		0.0,
		0.0,
		0.0,
		0.0,
		0.0,
		0.0,
		0.0,
		0.0,
		0.0,
		0.0,
		0.0,
		0.0,
		0.0,
		0.0,
		0.0,
		0.0,
		0.0,
		0.0,
		0.0,
		0.0,
		0.0
	]
]