[
	[
		0.0,
		0.0,
		0.0,
		0.0,
		0.0,
		0.0,
		0.0,
		0.0,
		0.0,
		0.0,
		0.0,
		0.0,
		0.0,
		0.0,
		0.0,
		0.0,
		0.0,
		0.0,
		0.0,
		0.0,
		0.0,
		0.0,
		0.0,
		0.0,
		0.0,
		0.0,
		0.0,
		0.0,
		0.0,
		0.0,
		0.0,
		0.0,
		0.0,
		0.0,
		0.0,
		0.0,
		0.0,
		0.0,
		0.0,
		0.0,
		0.0,
		0.0,
		0.0,
		0.0,
		0.0,
		0.0,
		0.0,
		0.0,
		0.0,
		0.0,
		0.0,
		0.0,
		0.0,
		0.0,
		0.0,
		0.0,
		0.0,
		0.0,
		0.0,
		0.0,
		0.0,
		0.0,
		0.04315375802152046,
		0.0632765095278696,
		0.09140034246837864,
		0.13005724420612597,
		0.18230672438977916,
		0.2517400095564548,
		0.34243899733186645,
		0.45887627598808167,
		0.6057444023230233,
		0.7877068639688487,
		1.0090699339148155,
		1.2733837942632886,
		1.5829922432420482,
		1.9385618915008194,
		2.338632449037979,
		2.7792376696480106,
		3.253649897756391,
		3.752298398071153,
		4.262901836741106,
		4.770838466792706,
		5.259754918389593,
		5.712388293938271,
		6.111549710445532,
		6.441194192172036,
		6.687485489814546,
		6.839757884877644,
		6.891281977778986,
		6.839757884877644,
		6.687485489814546,
		6.441194192172036,
		6.111549710445532,
		5.712388293938271,
		5.259754918389593,
		4.770838466792706,
		4.262901836741106,
		3.752298398071153,
		3.253649897756391,
		2.7792376696480106
	],
	[
		0.0,
		0.0,
		0.0,
		0.0,
		0.0,
		0.0,
		0.0,
		0.0,
		0.0,
		0.0,
		0.0,
		0.0,
		0.0,
		0.0,
		0.0,
		0.0,
		0.0,
		0.0,
		0.0,
		0.0,
		0.0,
		0.0,
		0.0,
		0.0,
		0.0,
		0.0,
		0.0,
		0.0,
		0.0,
		0.0,
		0.0,
		0.0,
		0.0,
		0.0,
		0.0,
		0.0,
		0.0,
		0.0,
		0.0,
		0.0,
		0.0,
		0.0,
		0.0,
		0.0,
		0.0,
		0.0,
		0.0,
		0.0,
		0.0,
		0.0,
		0.0,
		0.0,
		0.0,
		0.0,
		0.0,
		0.0,
		0.0,
		0.0,
		0.0,
		0.0,
		0.0,
		0.0,
		0.05284689873415625,
		0.07748959637773808,
		0.11193056790754607,
		0.15927053237813016,
		0.22325622249579763,
		0.3082855214076845,
		0.41935719724799797,
		0.5619484652195409,
		0.7418059180936871,
		0.9646405499980333,
		1.2357259033311676,
		1.5594095974581967,
		1.9385618915008194,
		2.3739991293214513,
		2.8639330124873172,
		3.4035064017552257,
		3.984480484350447,
		4.595134758931389,
		5.220429274492383,
		5.842457966369442,
		6.441194192172036,
		6.9954974848167115,
		7.484318016883048,
		7.8880068111564565,
		8.18961973810309,
		8.376095359482207,
		8.439192726774495,
		8.376095359482207,
		8.18961973810309,
		7.8880068111564565,
		7.484318016883048,
		6.9954974848167115,
		6.441194192172036,
		5.842457966369442,
		5.220429274492383,
		4.595134758931389,
		3.984480484350447,
		3.4035064017552257
	],
	[
		0.0,
		0.0,
		0.0,
		0.0,
		0.0,
		0.0,
		0.0,
		0.0,
		0.0,
		0.0,
		0.0,
		0.0,
		0.0,
		0.0,
		0.0,
		0.0,
		0.0,
		0.0,
		0.0,
		0.0,
		0.0,
		0.0,
		0.0,
		0.0,
		0.0,
		0.0,
		0.0,
		0.0,
		0.0,
		0.0,
		0.0,
		0.0,
		0.0,
		0.0,
		0.0,
		0.0,
		0.0,
		0.0,
		0.0,
		0.0,
		0.0,
		0.0,
		0.0,
		0.0,
		0.0,
		0.0,
		0.0,
		0.0,
		0.0,
		0.0,
		0.0,
		0.0,
		0.0,
		0.0,
		0.0,
		0.0,
		0.0,
		0.0,
		0.0,
		0.0,
		0.0,
		0.0,
		0.06375317329437435,
		0.09348150572150948,
		0.13503023003572007,
		0.19213997594200194,
		0.26933070781356294,
		0.3719079215853339,
		0.5059020057711547,
		0.6779205354295251,
		0.8948960559619937,
		1.1637181674590296,
		1.4907487392160033,
		1.881232630201763,
		2.338632449037979,
		2.8639330124873172,
		3.4549769621689177,
		4.10590476711117,
		4.806777330202449,
		5.543455332560741,
		6.297794954477221,
		7.048194768604446,
		7.7704951358072885,
		8.439192726774495,
		9.028893557611168,
		9.515893594979028,
		9.879751865947432,
		10.104711378988357,
		10.180830460481479,
		10.104711378988357,
		9.879751865947432,
		9.515893594979028,
		9.028893557611168,
		8.439192726774495,
		7.7704951358072885,
		7.048194768604446,
		6.297794954477221,
		5.543455332560741,
		4.806777330202449,
		4.10590476711117
	],
	[
		0.0,
		0.0,
		0.0,
		0.0,
		0.0,
		0.0,
		0.0,
		0.0,
		0.0,
		0.0,
		0.0,
		0.0,
		0.0,
		0.0,
		0.0,
		0.0,
		0.0,
		0.0,
		0.0,
		0.0,
		0.0,
		0.0,
		0.0,
		0.0,
		0.0,
		0.0,
		0.0,
		0.0,
		0.0,
		0.0,
		0.0,
		0.0,
		0.0,
		0.0,
		0.0,
		0.0,
		0.0,
		0.0,
		0.0,
		0.0,
		0.0,
		0.0,
		0.0,
		0.0,
		0.0,
		0.0,
		0.0,
		0.0,
		0.0,
		0.0,
		0.0,
		0.0,
		0.0,
		0.0,
		0.0,
		0.0,
		0.0,
		0.0,
		0.0,
		0.0,
		0.0,
		0.0,
		0.07576445834924157,
		0.11109369590057203,
		0.1604703218801592,
		0.2283397116134867,
		0.32007340403419693,
		0.44197646609053476,
		0.6012154292001127,
		0.8056427549650781,
		1.0634971006975102,
		1.3829660873756922,
		1.7716101791513759,
		2.235662381824258,
		2.7792376696480106,
		3.4035064017552257,
		4.10590476711117,
		4.8794692819031305,
		5.712388293938271,
		6.5878585951382025,
		7.484318016883048,
		8.376095359482207,
		9.2344792368446,
		10.029161417528204,
		10.729963616504875,
		11.30871589095036,
		11.741126128610563,
		12.008468674484414,
		12.098928814448572,
		12.008468674484414,
		11.741126128610563,
		11.30871589095036,
		10.729963616504875,
		10.029161417528204,
		9.2344792368446,
		8.376095359482207,
		7.484318016883048,
		6.5878585951382025,
		5.712388293938271,
		4.8794692819031305
	],
	[
		0.0,
		0.0,
		0.0,
		0.0,
		0.0,
		0.0,
		0.0,
		0.0,
		0.0,
		0.0,
		0.0,
		0.0,
		0.0,
		0.0,
		0.0,
		0.0,
		0.0,
		0.0,
		0.0,
		0.0,
		0.0,
		0.0,
		0.0,
		0.0,
		0.0,
		0.0,
		0.0,
		0.0,
		0.0,
		0.0,
		0.0,
		0.0,
		0.0,
		0.0,
		0.0,
		0.0,
		0.0,
		0.0,
		0.0,
		0.0,
		0.0,
		0.0,
		0.0,
		0.0,
		0.0,
		0.0,
		0.0,
		0.0,
		0.0,
		0.0,
		0.0,
		0.0,
		0.0,
		0.0,
		0.0,
		0.0,
		0.0,
		0.0,
		0.0,
		0.0,
		0.0,
		0.0,
		0.08869735210259976,
		0.13005724420612597,
		0.18786239553396694,
		0.2673170011541466,
		0.374709514657053,
		0.5174212696564118,
		0.7038421150913144,
		0.9431649174690007,
		1.2450346621082289,
		1.6190365861586653,
		2.074021715095022,
		2.6172870206388525,
		3.253649897756391,
		3.984480484350447,
		4.806777330202449,
		5.712388293938271,
		6.687485489814546,
		7.712397424153963,
		8.76188129440975,
		9.805883860745396,
		10.810792741089406,
		11.741126128610563,
		12.561554344574073,
		13.239098873831377,
		13.74532097240063,
		14.058298540511439,
		14.16420010782241,
		14.058298540511439,
		13.74532097240063,
		13.239098873831377,
		12.561554344574073,
		11.741126128610563,
		10.810792741089406,
		9.805883860745396,
		8.76188129440975,
		7.712397424153963,
		6.687485489814546,
		5.712388293938271
	],
	[
		0.0,
		0.0,
		0.0,
		0.0,
		0.0,
		0.0,
		0.0,
		0.0,
		0.0,
		0.0,
		0.0,
		0.0,
		0.0,
		0.0,
		0.0,
		0.0,
		0.0,
		0.0,
		0.0,
		0.0,
		0.0,
		0.0,
		0.0,
		0.0,
		0.0,
		0.0,
		0.0,
		0.0,
		0.0,
		0.0,
		0.0,
		0.0,
		0.0,
		0.0,
		0.0,
		0.0,
		0.0,
		0.0,
		0.0,
		0.0,
		0.0,
		0.0,
		0.0,
		0.0,
		0.0,
		0.0,
		0.0,
		0.0,
		0.0,
		0.0,
		0.0,
		0.0,
		0.0,
		0.0,
		0.0,
		0.0,
		0.0,
		0.0,
		0.0,
		0.0,
		0.0,
		0.0,
		0.10229094790968102,
		0.1499895822930159,
		0.21665384659425108,
		0.3082855214076845,
		0.4321368173506389,
		0.5967203178800836,
		0.8117116850135949,
		1.0877126673574327,
		1.4358464232409407,
		1.8671672059280067,
		2.3918825330538116,
		3.0184076970320963,
		3.752298398071153,
		4.595134758931389,
		5.543455332560741,
		6.5878585951382025,
		7.712397424153963,
		8.894385508378306,
		10.104711378988357,
		11.30871589095036,
		12.467635289292042,
		13.540549889622872,
		14.486715450525745,
		15.268099229249811,
		15.851904011331452,
		16.21284795562743,
		16.334979805660893,
		16.21284795562743,
		15.851904011331452,
		15.268099229249811,
		14.486715450525745,
		13.540549889622872,
		12.467635289292042,
		11.30871589095036,
		10.104711378988357,
		8.894385508378306,
		7.712397424153963,
		6.5878585951382025
	],
	[
		0.041084909647736964,
		0.050389942452612364,
		0.060874844950162654,
		0.0724376501130387,
		0.08490305513246722,
		0.09802001449634559,
		0.11146504258301726,
		0.12485188098162453,
		0.13774757838313578,
		0.14969432460593127,
		0.16023566135358774,
		0.16894506053989203,
		0.1754544145924347,
		0.17947980152997392,
		0.18084201641776151,
		0.17947980152997392,
		0.1754544145924347,
		0.16894506053989203,
		0.16023566135358774,
		0.14969432460593127,
		0.13774757838313578,
		0.12485188098162453,
		0.11146504258301726,
		0.09802001449634559,
		0.08490305513246722,
		0.0724376501130387,
		0.060874844950162654,
		0.050389942452612364,
		0.041084909647736964,
		0.0,
		0.0,
		0.0,
		0.0,
		0.0,
		0.0,
		0.0,
		0.0,
		0.0,
		0.0,
		0.0,
		0.0,
		0.0,
		0.0,
		0.0,
		0.0,
		0.0,
		0.0,
		0.0,
		0.0,
		0.0,
		0.0,
		0.0,
		0.0,
		0.0,
		0.0,
		0.0,
		0.0,
		0.0,
		0.0,
		0.0,
		0.0,
		0.0,
		0.11621044582976664,
		0.1703997918122941,
		0.24613556348781224,
		0.3502362488348636,
		0.49094092126426975,
		0.6779205354295251,
		0.9221673933841168,
		1.2357259033311676,
		1.631232835335898,
		2.1212466779680477,
		2.7173639624890824,
		3.4291451133859483,
		4.262901836741106,
		5.220429274492383,
		6.297794954477221,
		7.484318016883048,
		8.76188129440975,
		10.104711378988357,
		11.479735385482902,
		12.847577838557998,
		14.16420010782241,
		15.383114259950542,
		16.45803167843394,
		17.34574421942876,
		18.0089917050534,
		18.419052004066625,
		18.55780325266132,
		18.419052004066625,
		18.0089917050534,
		17.34574421942876,
		16.45803167843394,
		15.383114259950542,
		14.16420010782241,
		12.847577838557998,
		11.479735385482902,
		10.104711378988357,
		8.76188129440975,
		7.484318016883048
	],
	[
		0.060416297640607616,
		0.07409956082203055,
		0.08951784932396573,
		0.10652121830470182,
		0.12485188098162453,
		0.14414066919760352,
		0.1639118899605396,
		0.1835975414586565,
		0.2025609589073749,
		0.22012892198242492,
		0.23563019833758342,
		0.24843756868407313,
		0.2580097224324549,
		0.26392914582713145,
		0.26593231392015326,
		0.26392914582713145,
		0.2580097224324549,
		0.24843756868407313,
		0.23563019833758342,
		0.22012892198242492,
		0.2025609589073749,
		0.1835975414586565,
		0.1639118899605396,
		0.14414066919760352,
		0.12485188098162453,
		0.10652121830470182,
		0.08951784932396573,
		0.07409956082203055,
		0.060416297640607616,
		0.0,
		0.0,
		0.0,
		0.0,
		0.0,
		0.0,
		0.0,
		0.0,
		0.0,
		0.0,
		0.0,
		0.0,
		0.0,
		0.0,
		0.0,
		0.0,
		0.0,
		0.0,
		0.0,
		0.0,
		0.0,
		0.0,
		0.0,
		0.0,
		0.0,
		0.0,
		0.0,
		0.0,
		0.0,
		0.0,
		0.0,
		0.0,
		0.0,
		0.13005724420612597,
		0.19070340173093062,
		0.27546330159717186,
		0.3919678736219576,
		0.5494378997666027,
		0.7586966558742995,
		1.0320462074121406,
		1.3829660873756922,
		1.8255987721887745,
		2.3739991293214513,
		3.0411454490422742,
		3.837737307050613,
		4.770838466792706,
		5.842457966369442,
		7.048194768604446,
		8.376095359482207,
		9.805883860745396,
		11.30871589095036,
		12.847577838557998,
		14.378402530648861,
		15.851904011331452,
		17.216055180511674,
		18.419052004066625,
		19.412537967438006,
		20.0,
		20.0,
		20.0,
		20.0,
		20.0,
		19.412537967438006,
		18.419052004066625,
		17.216055180511674,
		15.851904011331452,
		14.378402530648861,
		12.847577838557998,
		11.30871589095036,
		9.805883860745396,
		8.376095359482207
	],
	[
		0.08751013604217273,
		0.10732969250738644,
		0.12966235069786347,
		0.15429092263603142,
		0.18084201641776151,
		0.20878090951097963,
		0.23741858322240958,
		0.26593231392015326,
		0.2933999229191937,
		0.3188462825724571,
		0.3412991447245973,
		0.35985001204239997,
		0.37371482186110794,
		0.38228882534673686,
		0.3851903191353579,
		0.38228882534673686,
		0.37371482186110794,
		0.35985001204239997,
		0.3412991447245973,
		0.3188462825724571,
		0.2933999229191937,
		0.26593231392015326,
		0.23741858322240958,
		0.20878090951097963,
		0.18084201641776151,
		0.15429092263603142,
		0.12966235069786347,
		0.10732969250738644,
		0.08751013604217273,
		0.0,
		0.0,
		0.0,
		0.0,
		0.0,
		0.0,
		0.0,
		0.0,
		0.0,
		0.0,
		0.0,
		0.0,
		0.0,
		0.0,
		0.0,
		0.0,
		0.0,
		0.0,
		0.0,
		0.0,
		0.0,
		0.0,
		0.0,
		0.0,
		0.0,
		0.0,
		0.0,
		0.0,
		0.0,
		0.0,
		0.0,
		0.0,
		0.0,
		0.1433855358228565,
		0.21024672333586925,
		0.3036928341834201,
		0.4321368173506389,
		0.6057444023230233,
		0.8364480363518398,
		1.1378105029597916,
		1.524692720298796,
		2.0126864885201576,
		2.6172870206388525,
		3.3528026246278784,
		4.231029370779941,
		5.259754918389593,
		6.441194192172036,
		7.7704951358072885,
		9.2344792368446,
		10.810792741089406,
		12.467635289292042,
		14.16420010782241,
		15.851904011331452,
		17.476410209606673,
		18.980359855243325,
		20.0,
		20.0,
		20.0,
		20.0,
		20.0,
		20.0,
		20.0,
		20.0,
		20.0,
		18.980359855243325,
		17.476410209606673,
		15.851904011331452,
		14.16420010782241,
		12.467635289292042,
		10.810792741089406,
		9.2344792368446
	],
	[
		0.12485188098162453,
		0.15312870715077753,
		0.18499100914808014,
		0.22012892198242492,
		0.2580097224324549,
		0.29787051471315407,
		0.3387282666435932,
		0.3794091874194581,
		0.4185975923825736,
		0.45490225388274297,
		0.48693605247911226,
		0.5134028228810235,
		0.5331839324028275,
		0.5454165777984179,
		0.5495561777756278,
		0.5454165777984179,
		0.5331839324028275,
		0.5134028228810235,
		0.48693605247911226,
		0.45490225388274297,
		0.4185975923825736,
		0.3794091874194581,
		0.3387282666435932,
		0.29787051471315407,
		0.2580097224324549,
		0.22012892198242492,
		0.18499100914808014,
		0.15312870715077753,
		0.12485188098162453,
		0.0,
		0.0,
		0.0,
		0.0,
		0.0,
		0.0,
		0.0,
		0.0,
		0.0,
		0.0,
		0.0,
		0.0,
		0.0,
		0.0,
		0.0,
		0.0,
		0.0,
		0.0,
		0.0,
		0.0,
		0.0,
		0.0,
		0.0,
		0.0,
		0.0,
		0.0,
		0.0,
		0.0,
		0.0,
		0.0,
		0.0,
		0.0,
		0.0,
		0.15572471893905881,
		0.2283397116134867,
		0.3298274193112903,
		0.469324775605578,
		0.6578723318173376,
		0.9084293936659021,
		1.2357259033311676,
		1.6559016498727692,
		2.185890201118049,
		2.8425202258571334,
		3.6413313475590274,
		4.595134758931389,
		5.712388293938271,
		6.9954974848167115,
		8.439192726774495,
		10.029161417528204,
		11.741126128610563,
		13.540549889622872,
		15.383114259950542,
		17.216055180511674,
		18.980359855243325,
		20.0,
		20.0,
		20.0,
		20.0,
		20.0,
		20.0,
		20.0,
		20.0,
		20.0,
		20.0,
		20.0,
		18.980359855243325,
		17.216055180511674,
		15.383114259950542,
		13.540549889622872,
		11.741126128610563,
		10.029161417528204
	],
	[
		0.1754544145924347,
		0.21519185341220665,
		0.2599679633158041,
		0.3093472908668032,
		0.3625811998395562,
		0.4185975923825736,
		0.4760150128503772,
		0.5331839324028275,
		0.5882554186916613,
		0.639274378761844,
		0.6842914929271093,
		0.7214852594167246,
		0.7492836631239762,
		0.7664742061892907,
		0.7722915882338203,
		0.7664742061892907,
		0.7492836631239762,
		0.7214852594167246,
		0.6842914929271093,
		0.639274378761844,
		0.5882554186916613,
		0.5331839324028275,
		0.4760150128503772,
		0.4185975923825736,
		0.3625811998395562,
		0.3093472908668032,
		0.2599679633158041,
		0.21519185341220665,
		0.1754544145924347,
		0.0,
		0.0,
		0.0,
		0.0,
		0.0,
		0.0,
		0.0,
		0.0,
		0.0,
		0.0,
		0.0,
		0.0,
		0.0,
		0.0,
		0.0,
		0.0,
		0.0,
		0.0,
		0.0,
		0.0,
		0.0,
		0.0,
		0.0,
		0.0,
		0.0,
		0.0,
		0.0,
		0.0,
		0.0,
		0.0,
		0.0,
		0.0,
		0.0,
		0.1666062095168038,
		0.24429528011523183,
		0.3528745885723391,
		0.5021195249456165,
		0.7038421150913144,
		0.9719072150103124,
		1.3220740429546247,
		1.7716101791513759,
		2.338632449037979,
		3.0411454490422742,
		3.8957746563597135,
		4.916226464368005,
		6.111549710445532,
		7.484318016883048,
		9.028893557611168,
		10.729963616504875,
		12.561554344574073,
		14.486715450525745,
		16.45803167843394,
		18.419052004066625,
		20.0,
		20.0,
		20.0,
		20.0,
		20.0,
		20.0,
		20.0,
		20.0,
		20.0,
		20.0,
		20.0,
		20.0,
		20.0,
		18.419052004066625,
		16.45803167843394,
		14.486715450525745,
		12.561554344574073,
		10.729963616504875
	],
	[
		0.24286559158553667,
		0.29787051471315407,
		0.35985001204239997,
		0.4282013249781674,
		0.5018881844687678,
		0.5794265829470823,
		0.6589042969824968,
		0.7380380337976346,
		0.8142684844711121,
		0.8848893916070563,
		0.947202489220573,
		0.9986864380444184,
		1.037165240513868,
		1.0609605460975573,
		1.0690130190718379,
		1.0609605460975573,
		1.037165240513868,
		0.9986864380444184,
		0.947202489220573,
		0.8848893916070563,
		0.8142684844711121,
		0.7380380337976346,
		0.6589042969824968,
		0.5794265829470823,
		0.5018881844687678,
		0.4282013249781674,
		0.35985001204239997,
		0.29787051471315407,
		0.24286559158553667,
		0.0,
		0.0,
		0.0,
		0.0,
		0.0,
		0.0,
		0.0,
		0.0,
		0.0,
		0.0,
		0.0,
		0.0,
		0.0,
		0.0,
		0.0,
		0.0,
		0.0,
		0.0,
		0.0,
		0.0,
		0.0,
		0.0,
		0.0,
		0.0,
		0.0,
		0.0,
		0.0,
		0.0,
		0.0,
		0.0,
		0.0,
		0.0,
		0.0,
		0.17559260743396649,
		0.2574720674796835,
		0.3719079215853339,
		0.5292028243389858,
		0.7418059180936871,
		1.0243299008032043,
		1.393384010694717,
		1.8671672059280067,
		2.464773496421476,
		3.205178609680901,
		4.10590476711117,
		5.181397656893342,
		6.441194192172036,
		7.8880068111564565,
		9.515893594979028,
		11.30871589095036,
		13.239098873831377,
		15.268099229249811,
		17.34574421942876,
		19.412537967438006,
		20.0,
		20.0,
		20.0,
		20.0,
		20.0,
		20.0,
		20.0,
		20.0,
		20.0,
		20.0,
		20.0,
		20.0,
		20.0,
		19.412537967438006,
		17.34574421942876,
		15.268099229249811,
		13.239098873831377,
		11.30871589095036
	],
	[
		0.3311312427540012,
		0.40612683366471025,
		0.49063179726171785,
		0.5838243118889573,
		0.6842914929271093,
		0.7900099937722005,
		0.8983726236860593,
		1.0062662633090929,
		1.110201463443509,
		1.2064884203223059,
		1.2914482259411604,
		1.3616432002256058,
		1.4141065137736968,
		1.4465498461461341,
		1.4575288628351957,
		1.4465498461461341,
		1.4141065137736968,
		1.3616432002256058,
		1.2914482259411604,
		1.2064884203223059,
		1.110201463443509,
		1.0062662633090929,
		0.8983726236860593,
		0.7900099937722005,
		0.6842914929271093,
		0.5838243118889573,
		0.49063179726171785,
		0.40612683366471025,
		0.3311312427540012,
		0.0,
		0.0,
		0.0,
		0.0,
		0.0,
		0.0,
		0.0,
		0.0,
		0.0,
		0.0,
		0.0,
		0.0,
		0.0,
		0.0,
		0.0,
		0.0,
		0.0,
		0.0,
		0.0,
		0.0,
		0.0,
		0.0,
		0.0,
		0.0,
		0.0,
		0.0,
		0.0,
		0.0,
		0.0,
		0.0,
		0.0,
		0.0,
		0.0,
		0.18230672438977916,
		0.2673170011541466,
		0.38612852755962684,
		0.5494378997666027,
		0.7701702767382727,
		1.0634971006975102,
		1.4466626956512099,
		1.9385618915008194,
		2.559018793910916,
		3.3277347033806817,
		4.262901836741106,
		5.3795182405063935,
		6.687485489814546,
		8.18961973810309,
		9.879751865947432,
		11.741126128610563,
		13.74532097240063,
		15.851904011331452,
		18.0089917050534,
		20.0,
		20.0,
		20.0,
		20.0,
		20.0,
		20.0,
		20.0,
		20.0,
		20.0,
		20.0,
		20.0,
		20.0,
		20.0,
		20.0,
		20.0,
		18.0089917050534,
		15.851904011331452,
		13.74532097240063,
		11.741126128610563
	],
	[
		0.4446996707785321,
		0.5454165777984179,
		0.6589042969824968,
		0.7840591456433488,
		0.9189836606487318,
		1.0609605460975573,
		1.2064884203223059,
		1.3513864541665643,
		1.490968418398229,
		1.6202790134002174,
		1.7343775722492258,
		1.8286473901467493,
		1.8991041011135221,
		1.9426745570601989,
		1.9574190585650744,
		1.9426745570601989,
		1.8991041011135221,
		1.8286473901467493,
		1.7343775722492258,
		1.6202790134002174,
		1.490968418398229,
		1.3513864541665643,
		1.2064884203223059,
		1.0609605460975573,
		0.9189836606487318,
		0.7840591456433488,
		0.6589042969824968,
		0.5454165777984179,
		0.4446996707785321,
		0.0,
		0.0,
		0.0,
		0.0,
		0.0,
		0.0,
		0.0,
		0.0,
		0.0,
		0.0,
		0.0,
		0.0,
		0.0,
		0.0,
		0.0,
		0.0,
		0.0,
		0.0,
		0.0,
		0.0,
		0.0,
		0.0,
		0.0,
		0.0,
		0.0,
		0.0,
		0.0,
		0.0,
		0.0,
		0.0,
		0.0,
		0.0,
		0.0,
		0.18645780353622665,
		0.2734037433338227,
		0.3949205788894192,
		0.5619484652195409,
		0.7877068639688487,
		1.0877126673574327,
		1.4796028483963275,
		1.982702467603223,
		2.6172870206388525,
		3.4035064017552257,
		4.35996706007327,
		5.502008543926887,
		6.839757884877644,
		8.376095359482207,
		10.104711378988357,
		12.008468674484414,
		14.058298540511439,
		16.21284795562743,
		18.419052004066625,
		20.0,
		20.0,
		20.0,
		20.0,
		20.0,
		20.0,
		20.0,
		20.0,
		20.0,
		20.0,
		20.0,
		20.0,
		20.0,
		20.0,
		20.0,
		18.419052004066625,
		16.21284795562743,
		14.058298540511439,
		12.008468674484414
	],
	[
		0.5882554186916613,
		0.7214852594167246,
		0.8716085227151125,
		1.037165240513868,
		1.2156454200186306,
		1.40345458130724,
		1.5959610440026462,
		1.7876343443615799,
		1.9722754678127254,
		2.143329469429123,
		2.2942607606314156,
		2.4189622948156217,
		2.5121634926866165,
		2.5697991476908753,
		2.5893033962345404,
		2.5697991476908753,
		2.5121634926866165,
		2.4189622948156217,
		2.2942607606314156,
		2.143329469429123,
		1.9722754678127254,
		1.7876343443615799,
		1.5959610440026462,
		1.40345458130724,
		1.2156454200186306,
		1.037165240513868,
		0.8716085227151125,
		0.7214852594167246,
		0.5882554186916613,
		0.0,
		0.0,
		0.0,
		0.0,
		0.0,
		0.0,
		0.0,
		0.0,
		0.0,
		0.0,
		0.0,
		0.0,
		0.0,
		0.0,
		0.0,
		0.0,
		0.0,
		0.0,
		0.0,
		0.0,
		0.0,
		0.0,
		0.0,
		0.0,
		0.0,
		0.0,
		0.0,
		0.0,
		0.0,
		0.0,
		0.0,
		0.0,
		0.0,
		0.18786239553396694,
		0.27546330159717186,
		0.3978955269705987,
		0.5661816391732205,
		0.7936406824345417,
		1.0959064381701102,
		1.4907487392160033,
		1.9976382223267009,
		2.6370031190550005,
		3.4291451133859483,
		4.392810817356942,
		5.543455332560741,
		6.891281977778986,
		8.439192726774495,
		10.180830460481479,
		12.098928814448572,
		14.16420010782241,
		16.334979805660893,
		18.55780325266132,
		20.0,
		20.0,
		20.0,
		20.0,
		20.0,
		20.0,
		20.0,
		20.0,
		20.0,
		20.0,
		20.0,
		20.0,
		20.0,
		20.0,
		20.0,
		18.55780325266132,
		16.334979805660893,
		14.16420010782241,
		12.098928814448572
	],
	[
		0.7664742061892907,
		0.940067569149869,
		1.135672412575017,
		1.3513864541665643,
		1.5839392697627084,
		1.8286473901467493,
		2.0794759137648375,
		2.329218858873688,
		2.5697991476908753,
		2.79267593885759,
		2.989333611592159,
		3.1518149188396256,
		3.273252498306286,
		3.348349542062961,
		3.3737628284430046,
		3.348349542062961,
		3.273252498306286,
		3.1518149188396256,
		2.989333611592159,
		2.79267593885759,
		2.5697991476908753,
		2.329218858873688,
		2.0794759137648375,
		1.8286473901467493,
		1.5839392697627084,
		1.3513864541665643,
		1.135672412575017,
		0.940067569149869,
		0.7664742061892907,
		0.0,
		0.0,
		0.0,
		0.0,
		0.0,
		0.0,
		0.0,
		0.0,
		0.0,
		0.0,
		0.0,
		0.0,
		0.0,
		0.0,
		0.0,
		0.0,
		0.0,
		0.0,
		0.0,
		0.0,
		0.0,
		0.0,
		0.0,
		0.0,
		0.0,
		0.0,
		0.0,
		0.0,
		0.0,
		0.0,
		0.0,
		0.0,
		0.0,
		0.18645780353622665,
		0.2734037433338227,
		0.3949205788894192,
		0.5619484652195409,
		0.7877068639688487,
		1.0877126673574327,
		1.4796028483963275,
		1.982702467603223,
		2.6172870206388525,
		3.4035064017552257,
		4.35996706007327,
		5.502008543926887,
		6.839757884877644,
		8.376095359482207,
		10.104711378988357,
		12.008468674484414,
		14.058298540511439,
		16.21284795562743,
		18.419052004066625,
		20.0,
		20.0,
		20.0,
		20.0,
		20.0,
		20.0,
		20.0,
		20.0,
		20.0,
		20.0,
		20.0,
		20.0,
		20.0,
		20.0,
		20.0,
		18.419052004066625,
		16.21284795562743,
		14.058298540511439,
		12.008468674484414
	],
	[
		0.983697645350518,
		1.2064884203223059,
		1.4575288628351957,
		1.7343775722492258,
		2.032837266358051,
		2.346897152360899,
		2.6688120009982503,
		2.989333611592159,
		3.2980958135243266,
		3.5841372391895128,
		3.836528889224156,
		4.0450583844924335,
		4.200912110571922,
		4.297292112037989,
		4.329907677925009,
		4.297292112037989,
		4.200912110571922,
		4.0450583844924335,
		3.836528889224156,
		3.5841372391895128,
		3.2980958135243266,
		2.989333611592159,
		2.6688120009982503,
		2.346897152360899,
		2.032837266358051,
		1.7343775722492258,
		1.4575288628351957,
		1.2064884203223059,
		0.983697645350518,
		0.0,
		0.0,
		0.0,
		0.0,
		0.0,
		0.0,
		0.0,
		0.0,
		0.0,
		0.0,
		0.0,
		0.0,
		0.0,
		0.0,
		0.0,
		0.0,
		0.0,
		0.0,
		0.0,
		0.0,
		0.0,
		0.0,
		0.0,
		0.0,
		0.0,
		0.0,
		0.0,
		0.0,
		0.0,
		0.0,
		0.0,
		0.0,
		0.0,
		0.18230672438977916,
		0.2673170011541466,
		0.38612852755962684,
		0.5494378997666027,
		0.7701702767382727,
		1.0634971006975102,
		1.4466626956512099,
		1.9385618915008194,
		2.559018793910916,
		3.3277347033806817,
		4.262901836741106,
		5.3795182405063935,
		6.687485489814546,
		8.18961973810309,
		9.879751865947432,
		11.741126128610563,
		13.74532097240063,
		15.851904011331452,
		18.0089917050534,
		20.0,
		20.0,
		20.0,
		20.0,
		20.0,
		20.0,
		20.0,
		20.0,
		20.0,
		20.0,
		20.0,
		20.0,
		20.0,
		20.0,
		20.0,
		18.0089917050534,
		15.851904011331452,
		13.74532097240063,
		11.741126128610563
	],
	[
		1.2435355315657777,
		1.5251751655447472,
		1.8425264488382405,
		2.1925030993382046,
		2.5697991476908753,
		2.966816085903508,
		3.3737628284430046,
		3.778948317390874,
		4.169268219773401,
		4.530865787883512,
		4.849925192134458,
		5.113536514141008,
		5.310558075616542,
		5.432396281616017,
		5.473627055374941,
		5.432396281616017,
		5.310558075616542,
		5.113536514141008,
		4.849925192134458,
		4.530865787883512,
		4.169268219773401,
		3.778948317390874,
		3.3737628284430046,
		2.966816085903508,
		2.5697991476908753,
		2.1925030993382046,
		1.8425264488382405,
		1.5251751655447472,
		1.2435355315657777,
		0.0,
		0.0,
		0.0,
		0.0,
		0.0,
		0.0,
		0.0,
		0.0,
		0.0,
		0.0,
		0.0,
		0.0,
		0.0,
		0.0,
		0.0,
		0.0,
		0.0,
		0.0,
		0.0,
		0.0,
		0.0,
		0.0,
		0.0,
		0.0,
		0.0,
		0.0,
		0.0,
		0.0029704015122569453,
		0.004307718941532486,
		0.0061348623228007285,
		0.008580004985652387,
		0.011784075544694078,
		0.015893836978666587,
		0.17559260743396649,
		0.2574720674796835,
		0.3719079215853339,
		0.5292028243389858,
		0.7418059180936871,
		1.0243299008032043,
		1.393384010694717,
		1.8671672059280067,
		2.464773496421476,
		3.205178609680901,
		4.10590476711117,
		5.181397656893342,
		6.441194192172036,
		7.8880068111564565,
		9.515893594979028,
		11.30871589095036,
		13.239098873831377,
		15.268099229249811,
		17.34574421942876,
		19.412537967438006,
		20.0,
		20.0,
		20.0,
		20.0,
		20.0,
		20.0,
		20.0,
		20.0,
		20.0,
		20.0,
		20.0,
		20.0,
		20.0,
		19.412537967438006,
		17.34574421942876,
		15.268099229249811,
		13.239098873831377,
		11.30871589095036
	],
	[
		1.5484145567197567,
		1.8991041011135221,
		2.2942607606314156,
		2.730041585859489,
		3.1998397368833835,
		3.6941937708358354,
		4.200912110571922,
		4.705437388163722,
		5.191452466370253,
		5.641703322838478,
		6.038986885277937,
		6.367228095882613,
		6.612553658387648,
		6.764263076369991,
		6.815602445975902,
		6.764263076369991,
		6.612553658387648,
		6.367228095882613,
		6.038986885277937,
		5.641703322838478,
		5.191452466370253,
		4.705437388163722,
		4.200912110571922,
		3.6941937708358354,
		3.1998397368833835,
		2.730041585859489,
		2.2942607606314156,
		1.8991041011135221,
		1.5484145567197567,
		0.0,
		0.0,
		0.0,
		0.0,
		0.0,
		0.0,
		0.0,
		0.0,
		0.0,
		0.0,
		0.0,
		0.0,
		0.0,
		0.0,
		0.0,
		0.0,
		0.0,
		0.0,
		0.0,
		0.0,
		0.0,
		0.0,
		0.0,
		0.0,
		0.0,
		0.0,
		0.0,
		0.004548535458443234,
		0.00659635145946328,
		0.00939423128246532,
		0.013138445004765305,
		0.018044794698238834,
		0.024338016517252425,
		0.1666062095168038,
		0.24429528011523183,
		0.3528745885723391,
		0.5021195249456165,
		0.7038421150913144,
		0.9719072150103124,
		1.3220740429546247,
		1.7716101791513759,
		2.338632449037979,
		3.0411454490422742,
		3.8957746563597135,
		4.916226464368005,
		6.111549710445532,
		7.484318016883048,
		9.028893557611168,
		10.729963616504875,
		12.561554344574073,
		14.486715450525745,
		16.45803167843394,
		18.419052004066625,
		20.0,
		20.0,
		20.0,
		20.0,
		20.0,
		20.0,
		20.0,
		20.0,
		20.0,
		20.0,
		20.0,
		20.0,
		20.0,
		18.419052004066625,
		16.45803167843394,
		14.486715450525745,
		12.561554344574073,
		10.729963616504875
	],
	[
		1.8991041011135221,
		2.329218858873688,
		2.8138717765409895,
		3.348349542062961,
		3.924548978727454,
		4.530865787883512,
		5.152347207653197,
		5.771138874026969,
		6.367228095882613,
		6.919453108452964,
		7.406714636355479,
		7.809296894774941,
		8.11018452195424,
		8.296253541143885,
		8.359220404212982,
		8.296253541143885,
		8.11018452195424,
		7.809296894774941,
		7.406714636355479,
		6.919453108452964,
		6.367228095882613,
		5.771138874026969,
		5.152347207653197,
		4.530865787883512,
		3.924548978727454,
		3.348349542062961,
		2.8138717765409895,
		2.329218858873688,
		1.8991041011135221,
		0.0,
		0.0,
		0.0,
		0.0,
		0.0,
		0.0,
		0.0,
		0.0,
		0.0,
		0.0,
		0.0,
		0.0,
		0.0,
		0.0,
		0.0,
		0.0,
		0.0,
		0.0,
		0.0,
		0.0,
		0.0,
		0.0,
		0.0,
		0.0,
		0.0,
		0.0,
		0.0,
		0.006839955407127068,
		0.009919401584242824,
		0.01412677193425532,
		0.019757211694320508,
		0.027135237747263796,
		0.03659880178946754,
		0.15572471893905881,
		0.2283397116134867,
		0.3298274193112903,
		0.469324775605578,
		0.6578723318173376,
		0.9084293936659021,
		1.2357259033311676,
		1.6559016498727692,
		2.185890201118049,
		2.8425202258571334,
		3.6413313475590274,
		4.595134758931389,
		5.712388293938271,
		6.9954974848167115,
		8.439192726774495,
		10.029161417528204,
		11.741126128610563,
		13.540549889622872,
		15.383114259950542,
		17.216055180511674,
		18.980359855243325,
		20.0,
		20.0,
		20.0,
		20.0,
		20.0,
		20.0,
		20.0,
		20.0,
		20.0,
		20.0,
		20.0,
		18.980359855243325,
		17.216055180511674,
		15.383114259950542,
		13.540549889622872,
		11.741126128610563,
		10.029161417528204
	],
	[
		2.2942607606314156,
		2.8138717765409895,
		3.399368996455186,
		4.0450583844924335,
		4.741150692998408,
		5.473627055374941,
		6.224423409299436,
		6.971970338577648,
		7.6920910053367,
		8.359220404212982,
		8.94786902172509,
		9.434218705176663,
		9.797713616273008,
		10.022499002838005,
		10.098567714961145,
		10.022499002838005,
		9.797713616273008,
		9.434218705176663,
		8.94786902172509,
		8.359220404212982,
		7.6920910053367,
		6.971970338577648,
		6.224423409299436,
		5.473627055374941,
		4.741150692998408,
		4.0450583844924335,
		3.399368996455186,
		2.8138717765409895,
		2.2942607606314156,
		0.0,
		0.0,
		0.0,
		0.0,
		0.0,
		0.0,
		0.0,
		0.0,
		0.0,
		0.0,
		0.0,
		0.0,
		0.0,
		0.0,
		0.0,
		0.0,
		0.0,
		0.0,
		0.0,
		0.0,
		0.0,
		0.0,
		0.0,
		0.0,
		0.0,
		0.0,
		0.0,
		0.010100903324320395,
		0.01464847509578009,
		0.02086170875382501,
		0.029176459991905938,
		0.04007195907768131,
		0.054047276138113005,
		0.1433855358228565,
		0.21024672333586925,
		0.3036928341834201,
		0.4321368173506389,
		0.6057444023230233,
		0.8364480363518398,
		1.1378105029597916,
		1.524692720298796,
		2.0126864885201576,
		2.6172870206388525,
		3.3528026246278784,
		4.231029370779941,
		5.259754918389593,
		6.441194192172036,
		7.7704951358072885,
		9.2344792368446,
		10.810792741089406,
		12.467635289292042,
		14.16420010782241,
		15.851904011331452,
		17.476410209606673,
		18.980359855243325,
		20.0,
		20.0,
		20.0,
		20.0,
		20.0,
		20.0,
		20.0,
		20.0,
		20.0,
		18.980359855243325,
		17.476410209606673,
		15.851904011331452,
		14.16420010782241,
		12.467635289292042,
		10.810792741089406,
		9.2344792368446
	],
	[
		2.730041585859489,
		3.348349542062961,
		4.0450583844924335,
		4.813392529912203,
		5.641703322838478,
		6.513309098546675,
		7.406714636355479,
		8.296253541143885,
		9.153156732282458,
		9.947003287710816,
		10.64746211647293,
		11.226190953175422,
		11.658729503531049,
		11.926211501979672,
		12.016729001578012,
		11.926211501979672,
		11.658729503531049,
		11.226190953175422,
		10.64746211647293,
		9.947003287710816,
		9.153156732282458,
		8.296253541143885,
		7.406714636355479,
		6.513309098546675,
		5.641703322838478,
		4.813392529912203,
		4.0450583844924335,
		3.348349542062961,
		2.730041585859489,
		0.0,
		0.0,
		0.0,
		0.0,
		0.0,
		0.0,
		0.0,
		0.0,
		0.0,
		0.0,
		0.0,
		0.0,
		0.0,
		0.0,
		0.0,
		0.0,
		0.0,
		0.0,
		0.0,
		0.0,
		0.0,
		0.0,
		0.0,
		0.0,
		0.0,
		0.0,
		0.0,
		0.01464847509578009,
		0.021243429002536948,
		0.030253949703689914,
		0.04231212138674877,
		0.05811293066979506,
		0.07838013621986284,
		0.13005724420612597,
		0.19070340173093062,
		0.27546330159717186,
		0.3919678736219576,
		0.5494378997666027,
		0.7586966558742995,
		1.0320462074121406,
		1.3829660873756922,
		1.8255987721887745,
		2.3739991293214513,
		3.0411454490422742,
		3.837737307050613,
		4.770838466792706,
		5.842457966369442,
		7.048194768604446,
		8.376095359482207,
		9.805883860745396,
		11.30871589095036,
		12.847577838557998,
		14.378402530648861,
		15.851904011331452,
		17.216055180511674,
		18.419052004066625,
		19.412537967438006,
		20.0,
		20.0,
		20.0,
		20.0,
		20.0,
		19.412537967438006,
		18.419052004066625,
		17.216055180511674,
		15.851904011331452,
		14.378402530648861,
		12.847577838557998,
		11.30871589095036,
		9.805883860745396,
		8.376095359482207
	],
	[
		3.1998397368833835,
		3.924548978727454,
		4.741150692998408,
		5.641703322838478,
		6.612553658387648,
		7.634149377095392,
		8.681296261538279,
		9.723911124912073,
		10.728274170467712,
		11.658729503531049,
		12.479726519083163,
		13.158045683945966,
		13.665017463544752,
		13.978528998303085,
		14.084623166830891,
		13.978528998303085,
		13.665017463544752,
		13.158045683945966,
		12.479726519083163,
		11.658729503531049,
		10.728274170467712,
		9.723911124912073,
		8.681296261538279,
		7.634149377095392,
		6.612553658387648,
		5.641703322838478,
		4.741150692998408,
		3.924548978727454,
		3.1998397368833835,
		0.0,
		0.0,
		0.0,
		0.0,
		0.0,
		0.0,
		0.0,
		0.0,
		0.0,
		0.0,
		0.0,
		0.0,
		0.0,
		0.0,
		0.0,
		0.0,
		0.0,
		0.0,
		0.0,
		0.0,
		0.0,
		0.0,
		0.0,
		0.0,
		0.0,
		0.0,
		0.0,
		0.02086170875382501,
		0.030253949703689914,
		0.04308633378180572,
		0.060259047262955785,
		0.08276185927460375,
		0.11162551482064909,
		0.11621044582976664,
		0.1703997918122941,
		0.24613556348781224,
		0.3502362488348636,
		0.49094092126426975,
		0.6779205354295251,
		0.9221673933841168,
		1.2357259033311676,
		1.631232835335898,
		2.1212466779680477,
		2.7173639624890824,
		3.4291451133859483,
		4.262901836741106,
		5.220429274492383,
		6.297794954477221,
		7.484318016883048,
		8.76188129440975,
		10.104711378988357,
		11.479735385482902,
		12.847577838557998,
		14.16420010782241,
		15.383114259950542,
		16.45803167843394,
		17.34574421942876,
		18.0089917050534,
		18.419052004066625,
		18.55780325266132,
		18.419052004066625,
		18.0089917050534,
		17.34574421942876,
		16.45803167843394,
		15.383114259950542,
		14.16420010782241,
		12.847577838557998,
		11.479735385482902,
		10.104711378988357,
		8.76188129440975,
		7.484318016883048
	],
	[
		3.6941937708358354,
		4.530865787883512,
		5.473627055374941,
		6.513309098546675,
		7.634149377095392,
		8.813574864210109,
		10.022499002838005,
		11.226190953175422,
		12.38572143333727,
		13.45992594921451,
		14.407761562907297,
		15.190876543507983,
		15.77617210334359,
		16.13811909257545,
		16.260604107052828,
		16.13811909257545,
		15.77617210334359,
		15.190876543507983,
		14.407761562907297,
		13.45992594921451,
		12.38572143333727,
		11.226190953175422,
		10.022499002838005,
		8.813574864210109,
		7.634149377095392,
		6.513309098546675,
		5.473627055374941,
		4.530865787883512,
		3.6941937708358354,
		0.0,
		0.0,
		0.0,
		0.0,
		0.0,
		0.0,
		0.0,
		0.0,
		0.0,
		0.0,
		0.0,
		0.0,
		0.0,
		0.0,
		0.0,
		0.0,
		0.0,
		0.0,
		0.0,
		0.0,
		0.0,
		0.0,
		0.0,
		0.0,
		0.0,
		0.0,
		0.0,
		0.029176459991905938,
		0.04231212138674877,
		0.060259047262955785,
		0.08427620682297376,
		0.11574785673002416,
		0.15611556108237912,
		0.10229094790968102,
		0.1499895822930159,
		0.21665384659425108,
		0.3082855214076845,
		0.4321368173506389,
		0.5967203178800836,
		0.8117116850135949,
		1.0877126673574327,
		1.4358464232409407,
		1.8671672059280067,
		2.3918825330538116,
		3.0184076970320963,
		3.752298398071153,
		4.595134758931389,
		5.543455332560741,
		6.5878585951382025,
		7.712397424153963,
		8.894385508378306,
		10.104711378988357,
		11.30871589095036,
		12.467635289292042,
		13.540549889622872,
		14.486715450525745,
		15.268099229249811,
		15.851904011331452,
		16.21284795562743,
		16.334979805660893,
		16.21284795562743,
		15.851904011331452,
		15.268099229249811,
		14.486715450525745,
		13.540549889622872,
		12.467635289292042,
		11.30871589095036,
		10.104711378988357,
		8.894385508378306,
		7.712397424153963,
		6.5878585951382025
	],
	[
		4.200912110571922,
		5.152347207653197,
		6.224423409299436,
		7.406714636355479,
		8.681296261538279,
		10.022499002838005,
		11.397246612131822,
		12.766044354007255,
		14.084623166830891,
		15.306172181288444,
		16.384018757672145,
		17.274550605770457,
		17.94012890461023,
		18.351722769137034,
		18.49100858157701,
		18.351722769137034,
		17.94012890461023,
		17.274550605770457,
		16.384018757672145,
		15.306172181288444,
		14.084623166830891,
		12.766044354007255,
		11.397246612131822,
		10.022499002838005,
		8.681296261538279,
		7.406714636355479,
		6.224423409299436,
		5.152347207653197,
		4.200912110571922,
		0.0,
		0.0,
		0.0,
		0.0,
		0.0,
		0.0,
		0.0,
		0.0,
		0.0,
		0.0,
		0.0,
		0.0,
		0.0,
		0.0,
		0.0,
		0.0,
		0.0,
		0.0,
		0.0,
		0.0,
		0.0,
		0.0,
		0.0,
		0.0,
		0.0,
		0.0,
		0.0,
		0.04007195907768131,
		0.05811293066979506,
		0.08276185927460375,
		0.11574785673002416,
		0.15897210900505312,
		0.21441451008168352,
		0.08869735210259976,
		0.13005724420612597,
		0.18786239553396694,
		0.2673170011541466,
		0.374709514657053,
		0.5174212696564118,
		0.7038421150913144,
		0.9431649174690007,
		1.2450346621082289,
		1.6190365861586653,
		2.074021715095022,
		2.6172870206388525,
		3.253649897756391,
		3.984480484350447,
		4.806777330202449,
		5.712388293938271,
		6.687485489814546,
		7.712397424153963,
		8.76188129440975,
		9.805883860745396,
		10.810792741089406,
		11.741126128610563,
		12.561554344574073,
		13.239098873831377,
		13.74532097240063,
		14.058298540511439,
		14.16420010782241,
		14.058298540511439,
		13.74532097240063,
		13.239098873831377,
		12.561554344574073,
		11.741126128610563,
		10.810792741089406,
		9.805883860745396,
		8.76188129440975,
		7.712397424153963,
		6.687485489814546,
		5.712388293938271
	],
	[
		4.705437388163722,
		5.771138874026969,
		6.971970338577648,
		8.296253541143885,
		9.723911124912073,
		11.226190953175422,
		12.766044354007255,
		14.29923331438707,
		15.77617210334359,
		17.14442791370392,
		18.351722769137034,
		19.349206587674207,
		20.0,
		20.0,
		20.0,
		20.0,
		20.0,
		19.349206587674207,
		18.351722769137034,
		17.14442791370392,
		15.77617210334359,
		14.29923331438707,
		12.766044354007255,
		11.226190953175422,
		9.723911124912073,
		8.296253541143885,
		6.971970338577648,
		5.771138874026969,
		4.705437388163722,
		0.0,
		0.0,
		0.0,
		0.0,
		0.0,
		0.0,
		0.0,
		0.0,
		0.0,
		0.0,
		0.0,
		0.0,
		0.0,
		0.0,
		0.0,
		0.0,
		0.0,
		0.0,
		0.0,
		0.0,
		0.0,
		0.0,
		0.0,
		0.0,
		0.0,
		0.0,
		0.0,
		0.054047276138113005,
		0.07838013621986284,
		0.11162551482064909,
		0.15611556108237912,
		0.21441451008168352,
		0.2891927547624536,
		0.07576445834924157,
		0.11109369590057203,
		0.1604703218801592,
		0.2283397116134867,
		0.32007340403419693,
		0.44197646609053476,
		0.6012154292001127,
		0.8056427549650781,
		1.0634971006975102,
		1.3829660873756922,
		1.7716101791513759,
		2.235662381824258,
		2.7792376696480106,
		3.4035064017552257,
		4.10590476711117,
		4.8794692819031305,
		5.712388293938271,
		6.5878585951382025,
		7.484318016883048,
		8.376095359482207,
		9.2344792368446,
		10.029161417528204,
		10.729963616504875,
		11.30871589095036,
		11.741126128610563,
		12.008468674484414,
		12.098928814448572,
		12.008468674484414,
		11.741126128610563,
		11.30871589095036,
		10.729963616504875,
		10.029161417528204,
		9.2344792368446,
		8.376095359482207,
		7.484318016883048,
		6.5878585951382025,
		5.712388293938271,
		4.8794692819031305
	],
	[
		5.191452466370253,
		6.367228095882613,
		7.6920910053367,
		9.153156732282458,
		10.728274170467712,
		12.38572143333727,
		14.084623166830891,
		15.77617210334359,
