[
	[
		0.0,
		0.0,
		0.0,
		0.0,
		0.0,
		0.0,
		0.0,
		0.0,
		0.0,
		0.0,
		0.0,
		0.0,
		0.0,
		0.0,
		0.0,
		0.0,
		0.0,
		0.0,
		0.0,
		6.867287929466348,
		8.287791950199018,
		9.806122403026146,
		11.375242542598158,
		12.93686085037042,
		14.424542055605027,
		15.768124761872308,
		16.899075520361865,
		17.75622877565988,
		18.291250734632207,
		18.473150144952125,
		18.291250734632207,
		17.75622877565988,
		16.899075520361865,
		15.768124761872308,
		14.424542055605027,
		12.93686085037042,
		11.375242542598158,
		9.806122403026146,
		8.287791950199018,
		0.0,
		0.0,
		0.0,
		0.0,
		0.0,
		0.0,
		0.0,
		0.0,
		0.0,
		0.0,
		0.0
	],
	[
		0.0,
		0.0,
		0.0,
		0.0,
		0.0,
		0.0,
		0.0,
		0.0,
		0.0,
		0.0,
		0.0,
		0.0,
		0.0,
		0.0,
		0.0,
		0.0,
		0.0,
		0.0,
		0.0,
		7.810044315999506,
		9.42555825205778,
		11.152328447906108,
		12.93686085037042,
		14.712861553070717,
		16.40477490522643,
		17.93280759963734,
		19.219017764951186,
		20.0,
		20.0,
		20.0,
		20.0,
		20.0,
		19.219017764951186,
		17.93280759963734,
		16.40477490522643,
		14.712861553070717,
		12.93686085037042,
		11.152328447906108,
		9.42555825205778,
		0.0,
		0.0,
		0.0,
		0.0,
		0.0,
		0.0,
		0.0,
		0.0,
		0.0,
		0.0,
		0.0
	],
	[
		0.0,
		0.0,
		0.0,
		0.0,
		0.0,
		0.0,
		0.0,
		0.0,
		0.0,
		0.0,
		0.0,
		0.0,
		0.0,
		0.0,
		0.0,
		0.0,
		0.0,
		0.0,
		0.0,
		8.708164522697807,
		10.509455344452403,
		12.43479639886023,
		14.424542055605027,
		16.40477490522643,
		18.291250734632207,
		19.995000362753046,
		20.0,
		20.0,
		20.0,
		20.0,
		20.0,
		20.0,
		20.0,
		19.995000362753046,
		18.291250734632207,
		16.40477490522643,
		14.424542055605027,
		12.43479639886023,
		10.509455344452403,
		4.642609308774197,
		5.631088998166366,
		6.656489904380257,
		7.6686831968359845,
		8.610313195284341,
		9.421926975218867,
		10.048081563902286,
		10.443575300014663,
		10.578836037092273,
		10.443575300014663,
		10.048081563902286
	],
	[
		0.0,
		0.0,
		0.0,
		0.0,
		0.0,
		0.0,
		0.0,
		0.0,
		0.0,
		0.0,
		0.0,
		0.0,
		0.0,
		0.0,
		0.0,
		0.0,
		0.0,
		0.0,
		0.0,
		9.519291781429787,
		11.488364927762724,
		13.593043040802755,
		15.768124761872308,
		17.93280759963734,
		19.995000362753046,
		20.0,
		20.0,
		20.0,
		20.0,
		20.0,
		20.0,
		20.0,
		20.0,
		20.0,
		19.995000362753046,
		17.93280759963734,
		15.768124761872308,
		13.593043040802755,
		11.488364927762724,
		5.777896505803971,
		7.008095508895445,
		8.284244312083402,
		9.54395575853771,
		10.715848613599313,
		11.72593154568739,
		12.505203754358831,
		12.997410124520615,
		13.165747042007116,
		12.997410124520615,
		12.505203754358831
	],
	[
		0.0,
		0.0,
		0.0,
		0.0,
		0.0,
		0.0,
		0.0,
		0.0,
		0.0,
		0.0,
		0.0,
		0.0,
		0.0,
		0.0,
		0.0,
		0.0,
		0.0,
		0.0,
		0.0,
		10.20205212377078,
		12.312354794983644,
		14.567988544427225,
		16.899075520361865,
		19.219017764951186,
		20.0,
		20.0,
		20.0,
		20.0,
		20.0,
		20.0,
		20.0,
		20.0,
		20.0,
		20.0,
		20.0,
		19.219017764951186,
		16.899075520361865,
		14.567988544427225,
		12.312354794983644,
		7.008095508895445,
		8.500221942789294,
		10.048081563902286,
		11.576004073682896,
		12.997410124520615,
		14.222554543924405,
		15.167745247896256,
		15.764749581344514,
		15.968927900259265,
		15.764749581344514,
		15.167745247896256
	],
	[
		0.0,
		0.0,
		0.0,
		0.0,
		0.0,
		0.0,
		0.0,
		0.0,
		0.0,
		0.0,
		0.0,
		0.0,
		0.0,
		0.0,
		0.0,
		0.0,
		0.0,
		0.0,
		0.0,
		10.719519613520358,
		12.93686085037042,
		15.306904634183399,
		17.75622877565988,
		20.0,
		20.0,
		20.0,
		20.0,
		20.0,
		20.0,
		20.0,
		20.0,
		20.0,
		20.0,
		20.0,
		20.0,
		20.0,
		17.75622877565988,
		15.306904634183399,
		12.93686085037042,
		8.284244312083402,
		10.048081563902286,
		11.877800814422308,
		13.683952477864633,
		15.364191421079207,
		16.812430200793877,
		17.929736707714905,
		18.635453367452236,
		18.87681181854259,
		18.635453367452236,
		17.929736707714905
	],
	[
		0.0,
		0.0,
		0.0,
		0.0,
		0.0,
		0.0,
		0.0,
		0.0,
		0.0,
		0.0,
		0.0,
		0.0,
		0.0,
		0.0,
		0.0,
		0.0,
		0.0,
		0.0,
		0.0,
		11.04251491028797,
		13.326667983549818,
		15.768124761872308,
		18.291250734632207,
		20.0,
		20.0,
		20.0,
		20.0,
		20.0,
		20.0,
		20.0,
		20.0,
		20.0,
		20.0,
		20.0,
		20.0,
		20.0,
		18.291250734632207,
		15.768124761872308,
		13.326667983549818,
		9.54395575853771,
		11.576004073682896,
		13.683952477864633,
		15.764749581344514,
		17.70048753567087,
		19.3689471224113,
		20.0,
		20.0,
		20.0,
		20.0,
		20.0
	],
	[
		0.0,
		0.0,
		0.0,
		0.0,
		0.0,
		0.0,
		0.0,
		0.0,
		0.0,
		0.0,
		0.0,
		0.0,
		0.0,
		0.0,
		0.0,
		0.0,
		0.0,
		0.0,
		0.0,
		11.152328447906108,
		13.459196539574,
		15.92493266077694,
		18.473150144952125,
		20.0,
		20.0,
		20.0,
		20.0,
		20.0,
		20.0,
		20.0,
		20.0,
		20.0,
		20.0,
		20.0,
		20.0,
		20.0,
		18.473150144952125,
		15.92493266077694,
		13.459196539574,
		10.715848613599313,
		12.997410124520615,
		15.364191421079207,
		17.70048753567087,
		19.873912832157977,
		20.0,
		20.0,
		20.0,
		20.0,
		20.0,
		20.0
	],
	[
		0.0,
		0.0,
		0.0,
		0.0,
		0.0,
		0.0,
		0.0,
		0.0,
		0.0,
		0.0,
		0.0,
		0.0,
		0.0,
		0.0,
		0.0,
		0.0,
		0.0,
		0.0,
		0.0,
		11.04251491028797,
		13.326667983549818,
		15.768124761872308,
		18.291250734632207,
		20.0,
		20.0,
		20.0,
		20.0,
		20.0,
		20.0,
		20.0,
		20.0,
		20.0,
		20.0,
		20.0,
		20.0,
		20.0,
		18.291250734632207,
		15.768124761872308,
		13.326667983549818,
		11.72593154568739,
		14.222554543924405,
		16.812430200793877,
		19.3689471224113,
		20.0,
		20.0,
		20.0,
		20.0,
		20.0,
		20.0,
		20.0
	],
	[
		0.0,
		0.0,
		0.0,
		0.0,
		0.0,
		0.0,
		0.0,
		0.0,
		0.0,
		0.0,
		0.0,
		0.0,
		0.0,
		0.0,
		0.0,
		0.0,
		0.0,
		0.0,
		0.0,
		10.719519613520358,
		12.93686085037042,
		15.306904634183399,
		17.75622877565988,
		20.0,
		20.0,
		20.0,
		20.0,
		20.0,
		20.0,
		20.0,
		20.0,
		20.0,
		20.0,
		20.0,
		20.0,
		20.0,
		17.75622877565988,
		15.306904634183399,
		12.93686085037042,
		12.505203754358831,
		15.167745247896256,
		17.929736707714905,
		20.0,
		20.0,
		20.0,
		20.0,
		20.0,
		20.0,
		20.0,
		20.0
	],
	[
		0.0,
		0.0,
		0.0,
		0.0,
		0.0,
		0.0,
		0.0,
		0.0,
		0.0,
		0.0,
		0.0,
		0.0,
		0.0,
		0.0,
		0.0,
		0.0,
		0.0,
		0.0,
		0.0,
		10.20205212377078,
		12.312354794983644,
		14.567988544427225,
		16.899075520361865,
		19.219017764951186,
		20.0,
		20.0,
		20.0,
		20.0,
		20.0,
		20.0,
		20.0,
		20.0,
		20.0,
		20.0,
		20.0,
		19.219017764951186,
		16.899075520361865,
		14.567988544427225,
		12.312354794983644,
		12.997410124520615,
		15.764749581344514,
		18.635453367452236,
		20.0,
		20.0,
		20.0,
		20.0,
		20.0,
		20.0,
		20.0,
		20.0
	],
	[
		0.0,
		0.0,
		0.0,
		0.0,
		0.0,
		0.0,
		0.0,
		0.0,
		0.0,
		0.0,
		0.0,
		0.0,
		0.0,
		0.0,
		0.0,
		0.0,
		0.0,
		0.0,
		0.0,
		9.519291781429787,
		11.488364927762724,
		13.593043040802755,
		15.768124761872308,
		17.93280759963734,
		19.995000362753046,
		20.0,
		20.0,
		20.0,
		20.0,
		20.0,
		20.0,
		20.0,
		20.0,
		20.0,
		19.995000362753046,
		17.93280759963734,
		15.768124761872308,
		13.593043040802755,
		11.488364927762724,
		13.165747042007116,
		15.968927900259265,
		18.87681181854259,
		20.0,
		20.0,
		20.0,
		20.0,
		20.0,
		20.0,
		20.0,
		20.0
	],
	[
		0.0,
		0.0,
		0.0,
		0.0,
		0.0,
		0.0,
		0.0,
		0.0,
		0.0,
		0.0,
		0.0,
		0.0,
		0.0,
		0.0,
		0.0,
		0.0,
		0.0,
		0.0,
		0.0,
		8.708164522697807,
		10.509455344452403,
		12.43479639886023,
		14.424542055605027,
		16.40477490522643,
		18.291250734632207,
		19.995000362753046,
		20.0,
		20.0,
		20.0,
		20.0,
		20.0,
		20.0,
		20.0,
		19.995000362753046,
		18.291250734632207,
		16.40477490522643,
		14.424542055605027,
		12.43479639886023,
		10.509455344452403,
		12.997410124520615,
		15.764749581344514,
		18.635453367452236,
		20.0,
		20.0,
		20.0,
		20.0,
		20.0,
		20.0,
		20.0,
		20.0
	],
	[
		0.0,
		0.0,
		0.0,
		0.0,
		0.0,
		0.0,
		0.0,
		0.0,
		0.0,
		0.0,
		0.0,
		0.0,
		0.0,
		0.0,
		0.0,
		0.0,
		0.0,
		0.0,
		0.0,
		7.810044315999506,
		9.42555825205778,
		11.152328447906108,
		12.93686085037042,
		14.712861553070717,
		16.40477490522643,
		17.93280759963734,
		19.219017764951186,
		20.0,
		20.0,
		20.0,
		20.0,
		20.0,
		19.219017764951186,
		17.93280759963734,
		16.40477490522643,
		14.712861553070717,
		12.93686085037042,
		11.152328447906108,
		9.42555825205778,
		12.505203754358831,
		15.167745247896256,
		17.929736707714905,
		20.0,
		20.0,
		20.0,
		20.0,
		20.0,
		20.0,
		20.0,
		20.0
	],
	[
		0.0,
		0.0,
		0.0,
		0.0,
		0.0,
		0.0,
		0.0,
		0.0,
		0.0,
		0.0,
		0.0,
		0.0,
		0.0,
		0.0,
		0.0,
		0.0,
		0.0,
		0.0,
		0.0,
		6.867287929466348,
		8.287791950199018,
		9.806122403026146,
		11.375242542598158,
		12.93686085037042,
		14.424542055605027,
		15.768124761872308,
		16.899075520361865,
		17.75622877565988,
		18.291250734632207,
		18.473150144952125,
		18.291250734632207,
		17.75622877565988,
		16.899075520361865,
		15.768124761872308,
		14.424542055605027,
		12.93686085037042,
		11.375242542598158,
		9.806122403026146,
		8.287791950199018,
		11.72593154568739,
		14.222554543924405,
		16.812430200793877,
		19.3689471224113,
		20.0,
		20.0,
		20.0,
		20.0,
		20.0,
		20.0,
		20.0
	],
	[
		0.0,
		0.0,
		0.0,
		0.0,
		0.0,
		0.0,
		0.0,
		0.0,
		0.0,
		0.0,
		0.0,
		0.0,
		0.0,
		0.0,
		0.0,
		0.0,
		0.0,
		0.0,
		0.0,
		5.920002651459059,
		7.144559952029266,
		8.453449341676004,
		9.806122403026146,
		11.152328447906108,
		12.43479639886023,
		13.593043040802755,
		14.567988544427225,
		15.306904634183399,
		15.768124761872308,
		15.92493266077694,
		15.768124761872308,
		15.306904634183399,
		14.567988544427225,
		13.593043040802755,
		12.43479639886023,
		11.152328447906108,
		9.806122403026146,
		8.453449341676004,
		7.144559952029266,
		10.715848613599313,
		12.997410124520615,
		15.364191421079207,
		17.70048753567087,
		19.873912832157977,
		20.0,
		20.0,
		20.0,
		20.0,
		20.0,
		20.0
	],
	[
		0.0,
		0.0,
		0.0,
		0.0,
		0.0,
		0.0,
		0.0,
		0.0,
		0.0,
		0.0,
		0.0,
		0.0,
		0.0,
		0.0,
		0.0,
		0.0,
		0.0,
		0.0,
		0.0,
		5.003379348475019,
		6.038332383029358,
		7.144559952029266,
		8.287791950199018,
		9.42555825205778,
		10.509455344452403,
		11.488364927762724,
		12.312354794983644,
		12.93686085037042,
		13.326667983549818,
		13.459196539574,
		13.326667983549818,
		12.93686085037042,
		12.312354794983644,
		11.488364927762724,
		10.509455344452403,
		9.42555825205778,
		8.287791950199018,
		7.144559952029266,
		6.038332383029358,
		9.54395575853771,
		11.576004073682896,
		13.683952477864633,
		15.764749581344514,
		17.70048753567087,
		19.3689471224113,
		20.0,
		20.0,
		20.0,
		20.0,
		20.0
	],
	[
		0.0,
		0.0,
		0.0,
		0.0,
		0.0,
		0.0,
		0.0,
		0.0,
		0.0,
		0.0,
		0.0,
		0.0,
		0.0,
		0.0,
		0.0,
		0.0,
		0.0,
		0.0,
		0.0,
		4.1458143269991945,
		5.003379348475019,
		5.920002651459059,
		6.867287929466348,
		7.810044315999506,
		8.708164522697807,
		9.519291781429787,
		10.20205212377078,
		10.719519613520358,
		11.04251491028797,
		11.152328447906108,
		11.04251491028797,
		10.719519613520358,
		10.20205212377078,
		9.519291781429787,
		8.708164522697807,
		7.810044315999506,
		6.867287929466348,
		5.920002651459059,
		5.003379348475019,
		8.284244312083402,
		10.048081563902286,
		11.877800814422308,
		13.683952477864633,
		15.364191421079207,
		16.812430200793877,
		17.929736707714905,
		18.635453367452236,
		18.87681181854259,
		18.635453367452236,
		17.929736707714905
	],
	[
		0.0,
		0.0,
		0.0,
		0.0,
		0.0,
		0.0,
		0.0,
		0.0,
		0.0,
		0.0,
		0.0,
		0.0,
		0.0,
		0.0,
		0.0,
		0.0,
		0.0,
		0.0,
		0.0,
		3.367915218377068,
		4.064571184797739,
		4.809204042939627,
		5.578745622061563,
		6.344608087428024,
		7.074209674352096,
		7.733141219099114,
		8.287791950199018,
		8.708164522697807,
		8.970554656371558,
		9.059763351058963,
		8.970554656371558,
		8.708164522697807,
		8.287791950199018,
		7.733141219099114,
		7.074209674352096,
		6.344608087428024,
		5.578745622061563,
		4.809204042939627,
		4.064571184797739,
		7.008095508895445,
		8.500221942789294,
		10.048081563902286,
		11.576004073682896,
		12.997410124520615,
		14.222554543924405,
		15.167745247896256,
		15.764749581344514,
		15.968927900259265,
		15.764749581344514,
		15.167745247896256
	],
	[
		0.0,
		0.0,
		0.0,
		0.0,
		0.0,
		0.0,
		0.0,
		0.0,
		0.0,
		0.0,
		0.0,
		0.0,
		0.0,
		0.0,
		0.0,
		0.0,
		0.0,
		0.0,
		0.0,
		2.682361694764981,
		3.2372103645176495,
		3.830270024821588,
		4.443168129590485,
		5.053136019918558,
		5.634224088444208,
		6.159027303637206,
		6.600776510077358,
		6.935580450463936,
		7.144559952029266,
		7.215609835994217,
		7.144559952029266,
		6.935580450463936,
		6.600776510077358,
		6.159027303637206,
		5.634224088444208,
		5.053136019918558,
		4.443168129590485,
		3.830270024821588,
		3.2372103645176495,
		5.777896505803971,
		7.008095508895445,
		8.284244312083402,
		9.54395575853771,
		10.715848613599313,
		11.72593154568739,
		12.505203754358831,
		12.997410124520615,
		13.165747042007116,
		12.997410124520615,
		12.505203754358831
	],
	[
		0.0,
		0.0,
		0.0,
		0.0,
		0.0,
		0.0,
		0.0,
		0.0,
		0.0,
		0.0,
		0.0,
		0.0,
		0.0,
		0.0,
		0.0,
		0.0,
		0.0,
		0.0,
		0.0,
		2.094490586114473,
		2.527737645145758,
		2.9908213068067115,
		3.4693955845378626,
		3.945681838780764,
		4.39941762378162,
		4.809204042939627,
		5.154138716036911,
		5.415566435759534,
		5.578745622061563,
		5.634224088444208,
		5.578745622061563,
		5.415566435759534,
		5.154138716036911,
		4.809204042939627,
		4.39941762378162,
		3.945681838780764,
		3.4693955845378626,
		2.9908213068067115,
		2.527737645145758,
		20.0,
		20.0,
		20.0,
		18.17838486667862,
		15.4470786096591,
		12.801448734868867,
		10.346503000282741,
		8.155484312030016,
		6.269423785446158,
		5.915846790739261,
		5.229124577375625
	],
	[
		0.0,
		0.0,
		0.0,
		0.0,
		0.0,
		0.0,
		0.0,
		0.0,
		0.0,
		0.0,
		0.0,
		0.0,
		0.0,
		0.0,
		0.0,
		0.0,
		0.0,
		0.0,
		0.0,
		1.6034092061619176,
		1.935075687548229,
		2.2895831803261224,
		2.655949306692889,
		3.0205638673332222,
		3.367915218377068,
		3.6816217212346394,
		3.945681838780764,
		4.1458143269991945,
		4.270733966793833,
		4.313204763431167,
		4.270733966793833,
		4.1458143269991945,
		3.945681838780764,
		3.6816217212346394,
		3.367915218377068,
		3.0205638673332222,
		2.655949306692889,
		2.2895831803261224,
		1.935075687548229,
		20.0,
		20.0,
		19.59702686751401,
		17.07495425390863,
		14.509438685057997,
		12.024398929539226,
		9.71846875910241,
		7.660445224792144,
		5.888868847258539,
		6.9586877891620285,
		6.15091070335912
	],
	[
		0.0,
		0.0,
		0.0,
		0.0,
		0.0,
		0.0,
		0.0,
		0.0,
		0.0,
		0.0,
		0.0,
		0.0,
		0.0,
		0.0,
		0.0,
		0.0,
		0.0,
		0.0,
		0.0,
		1.203414441335556,
		1.4523416845329677,
		1.7184119021237578,
		1.9933824371509907,
		2.2670383611094853,
		2.527737645145758,
		2.7631852990751895,
		2.9613716120978175,
		3.1115780132940434,
		3.205334552771042,
		3.2372103645176495,
		3.205334552771042,
		3.1115780132940434,
		2.9613716120978175,
		2.7631852990751895,
		2.527737645145758,
		2.2670383611094853,
		1.9933824371509907,
		1.7184119021237578,
		1.4523416845329677,
		20.0,
		20.0,
		17.952136629488948,
		15.641755955163744,
		13.291578740607008,
		11.015122545369673,
		8.902742246174126,
		7.017460365181918,
		5.394582497326406,
		8.079731906658223,
		7.1418219886713565
	],
	[
		0.0,
		0.0,
		0.0,
		0.0,
		0.0,
		0.0,
		0.0,
		0.0,
		0.0,
		0.0,
		0.0,
		0.0,
		0.0,
		0.0,
		0.0,
		0.0,
		0.0,
		0.0,
		0.0,
		0.0,
		0.0,
		0.0,
		0.0,
		0.0,
		3.6133087300377382,
		4.819538987223469,
		6.269423785446158,
		7.9537412524329225,
		9.84094924542614,
		11.874743221343698,
		13.974399815353351,
		16.038502040271872,
		17.952136629488948,
		19.59702686751401,
		20.0,
		20.0,
		20.0,
		20.0,
		20.0,
		19.59702686751401,
		17.952136629488948,
		16.038502040271872,
		13.974399815353351,
		11.874743221343698,
		9.84094924542614,
		7.9537412524329225,
		6.269423785446158,
		4.819538987223469,
		9.260314041195642,
		8.185360010140087
	],
	[
		0.0,
		0.0,
		0.0,
		0.0,
		0.0,
		0.0,
		0.0,
		0.0,
		0.0,
		0.0,
		0.0,
		0.0,
		0.0,
		0.0,
		0.0,
		0.0,
		0.0,
		0.0,
		0.0,
		0.0,
		0.0,
		0.0,
		0.0,
		0.0,
		3.148287834054986,
		4.199280242258974,
		5.46256965704919,
		6.93012103064725,
		8.57445158986017,
		10.346503000282741,
		12.175940727444484,
		13.974399815353351,
		15.641755955163744,
		17.07495425390863,
		18.17838486667862,
		18.874382020090376,
		19.112253185413135,
		18.874382020090376,
		18.17838486667862,
		17.07495425390863,
		15.641755955163744,
		13.974399815353351,
		12.175940727444484,
		10.346503000282741,
		8.57445158986017,
		6.93012103064725,
		5.46256965704919,
		4.199280242258974,
		10.476437937406924,
		9.260314041195642
	],
	[
		0.0,
		0.0,
		0.0,
		0.0,
		0.0,
		0.0,
		0.0,
		0.0,
		0.0,
		0.0,
		0.0,
		0.0,
		0.0,
		0.0,
		0.0,
		0.0,
		0.0,
		0.0,
		0.0,
		0.0,
		0.0,
		0.0,
		0.0,
		0.0,
		2.6752569062185505,
		3.5683374778286594,
		4.6418173848794,
		5.888868847258539,
		7.286138384388081,
		8.79193868721532,
		10.346503000282741,
		11.874743221343698,
		13.291578740607008,
		14.509438685057997,
		15.4470786096591,
		16.038502040271872,
		16.24063301156884,
		16.038502040271872,
		15.4470786096591,
		14.509438685057997,
		13.291578740607008,
		11.874743221343698,
		10.346503000282741,
		8.79193868721532,
		7.286138384388081,
		5.888868847258539,
		4.6418173848794,
		3.5683374778286594,
		11.699323218991472,
		10.34124458376055
	],
	[
		0.0,
		0.0,
		0.0,
		0.0,
		0.0,
		0.0,
		0.0,
		0.0,
		0.0,
		0.0,
		0.0,
		0.0,
		0.0,
		0.0,
		0.0,
		0.0,
		0.0,
		0.0,
		0.0,
		0.0,
		0.0,
		0.0,
		0.0,
		0.0,
		2.217064145458923,
		2.9571863033422456,
		3.8468107006330627,
		4.880278954973884,
		6.038237349590514,
		7.286138384388081,
		8.57445158986017,
		9.84094924542614,
		11.015122545369673,
		12.024398929539226,
		12.801448734868867,
		13.291578740607008,
		13.459090626328193,
		13.291578740607008,
		12.801448734868867,
		12.024398929539226,
		11.015122545369673,
		9.84094924542614,
		8.57445158986017,
		7.286138384388081,
		6.038237349590514,
		4.880278954973884,
		3.8468107006330627,
		2.9571863033422456,
		12.896355598060522,
		11.399323275572343
	],
	[
		0.0,
		0.0,
		0.0,
		0.0,
		0.0,
		0.0,
		0.0,
		0.0,
		0.0,
		0.0,
		0.0,
		0.0,
		0.0,
		0.0,
		0.0,
		0.0,
		0.0,
		0.0,
		0.0,
		0.0,
		0.0,
		0.0,
		0.0,
		0.0,
		1.7918956914875321,
		2.390083934530477,
		3.109104233430143,
		3.944383319078398,
		4.880278954973884,
		5.888868847258539,
		6.93012103064725,
		7.9537412524329225,
		8.902742246174126,
		9.71846875910241,
		10.346503000282741,
		10.742640318794624,
		10.878028294334959,
		10.742640318794624,
		10.346503000282741,
		9.71846875910241,
		8.902742246174126,
		7.9537412524329225,
		6.93012103064725,
		5.888868847258539,
		4.880278954973884,
		3.944383319078398,
		3.109104233430143,
		2.390083934530477,
		14.032415160320806,
		12.40350698561658
	],
	[
		0.0,
		0.0,
		0.0,
		0.0,
		0.0,
		0.0,
		0.0,
		0.0,
		0.0,
		0.0,
		0.0,
		0.0,
		0.0,
		0.0,
		0.0,
		0.0,
		0.0,
		0.0,
		0.0,
		0.0,
		0.0,
		0.0,
		0.0,
		0.0,
		1.412436375877085,
		1.883949778197098,
		2.4507073355618534,
		3.109104233430143,
		3.8468107006330627,
		4.6418173848794,
		5.46256965704919,
		6.269423785446158,
		7.017460365181918,
		7.660445224792144,
		8.155484312030016,
		8.467733937477862,
		8.57445158986017,
		8.467733937477862,
		8.155484312030016,
		7.660445224792144,
		7.017460365181918,
		6.269423785446158,
		5.46256965704919,
		4.6418173848794,
		3.8468107006330627,
		3.109104233430143,
		2.4507073355618534,
		1.883949778197098,
		15.071518673750232,
		13.32198948063606
	],
	[
		0.0,
		0.0,
		0.0,
		0.0,
		0.0,
		0.0,
		0.0,
		0.0,
		0.0,
		0.0,
		0.0,
		0.0,
		0.0,
		0.0,
		0.0,
		0.0,
		0.0,
		0.0,
		0.0,
		0.0,
		0.0,
		0.1373455117336991,
		0.18085940417899993,
		0.2344431926190756,
		1.085792317360119,
		1.4482621875186836,
		1.883949778197098,
		2.390083934530477,
		2.9571863033422456,
		3.5683374778286594,
		4.199280242258974,
		4.819538987223469,
		5.394582497326406,
		5.888868847258539,
		6.269423785446158,
		6.509461673311592,
		6.5914994975013474,
		6.509461673311592,
		6.269423785446158,
		5.888868847258539,
		5.394582497326406,
		4.819538987223469,
		4.199280242258974,
		3.5683374778286594,
		2.9571863033422456,
		2.390083934530477,
		1.883949778197098,
		1.4482621875186836,
		15.97867531775284,
		14.123841737883387
	],
	[
		0.0,
		0.0,
		0.0,
		0.0,
		0.0,
		0.0,
		0.0,
		0.0,
		0.0,
		0.0,
		0.0,
		0.0,
		0.0,
		0.0,
		0.0,
		0.0,
		0.0,
		0.0,
		0.0,
		0.0,
		0.0,
		0.18372624058386064,
		0.2419345050639296,
		0.31361320706202717,
		0.8140411084391779,
		1.085792317360119,
		1.412436375877085,
		1.7918956914875321,
		2.217064145458923,
		2.6752569062185505,
		3.148287834054986,
		3.6133087300377382,
		4.044430822983709,
		4.4150075914428815,
		4.70031755242827,
		4.880278954973884,
		4.941784419941378,
		4.880278954973884,
		4.70031755242827,
		4.4150075914428815,
		4.044430822983709,
		3.6133087300377382,
		3.148287834054986,
		2.6752569062185505,
		2.217064145458923,
		1.7918956914875321,
		1.412436375877085,
		1.085792317360119,
		16.721825749004587,
		14.780725920690324
	],
	[
		0.0,
		0.0,
		0.0,
		0.0,
		0.0,
		0.0,
		0.0,
		0.0,
		0.0,
		0.0,
		0.0,
		0.0,
		0.0,
		0.0,
		0.0,
		0.0,
		0.0,
		0.0,
		0.0,
		0.0,
		0.0,
		0.2419345050639296,
		0.31858434894503757,
		0.4129723429323156,
		0.5269718371896889,
		0.6619478127863823,
		9.7541415514465,
		11.473594247583065,
		13.32198948063606,
		15.268551935805357,
		17.273716208536488,
		19.290028760178078,
		20.0,
		20.0,
		20.0,
		20.0,
		20.0,
		20.0,
		20.0,
		20.0,
		20.0,
		20.0,
		20.0,
		20.0,
		20.0,
		20.0,
		20.0,
		19.290028760178078,
		17.273716208536488,
		15.268551935805357
	],
	[
		0.0,
		0.0,
		0.0,
		0.0,
		0.0,
		0.0,
		0.0,
		0.0,
		0.0,
		0.0,
		0.0,
		0.0,
		0.0,
		0.0,
		0.0,
		0.0,
		0.0,
		0.0,
		0.0,
		0.0,
		0.0,
		0.31361320706202717,
		0.4129723429323156,
		0.5353249668157077,
		0.6830994522619105,
		0.8580651876042893,
		9.946042388435208,
		11.699323218991472,
		13.584083373594758,
		15.568942070665774,
		17.61355550457705,
		19.66953654618775,
		20.0,
		20.0,
		20.0,
		20.0,
		20.0,
		20.0,
		20.0,
		20.0,
		20.0,
		20.0,
		20.0,
		20.0,
		20.0,
		20.0,
		20.0,
		19.66953654618775,
		17.61355550457705,
		15.568942070665774
	],
	[
		0.0,
		0.0,
		0.0,
		0.0,
		0.0,
		0.0,
		0.0,
		0.0,
		0.0,
		0.0,
		0.0,
		0.0,
		0.0,
		0.0,
		0.0,
		0.0,
		0.0,
		0.0,
		0.0,
		0.0,
		0.0,
		0.4001849778097925,
		0.5269718371896889,
		0.6830994522619105,
		0.8716665401506738,
		1.0949309223219752,
		10.010844676956308,
		11.775548805926455,
		13.67258889726857,
		15.670379711551428,
		17.728314587749388,
		19.797691135979615,
		20.0,
		20.0,
		20.0,
		20.0,
		20.0,
		20.0,
		20.0,
		20.0,
		20.0,
		20.0,
		20.0,
		20.0,
		20.0,
		20.0,
		20.0,
		19.797691135979615,
		17.728314587749388,
		15.670379711551428
	],
	[
		0.0,
		0.0,
		0.0,
		0.0,
		0.0,
		0.0,
		0.0,
		0.0,
		0.0,
		0.0,
		0.0,
		0.0,
		0.0,
		0.0,
		0.0,
		0.0,
		0.0,
		0.0,
		0.0,
		0.0,
		0.0,
		0.5026863905742368,
		0.6619478127863823,
		0.8580651876042893,
		1.0949309223219752,
		1.3753811456954828,
		9.946042388435208,
		11.699323218991472,
		13.584083373594758,
		15.568942070665774,
		17.61355550457705,
		19.66953654618775,
		20.0,
		20.0,
		20.0,
		20.0,
		20.0,
		20.0,
		20.0,
		20.0,
		20.0,
		20.0,
		20.0,
		20.0,
		20.0,
		20.0,
		20.0,
		19.66953654618775,
		17.61355550457705,
		15.568942070665774
	],
	[
		0.0,
		0.0,
		0.0,
		0.0,
		0.0,
		0.0,
		0.0,
		0.0,
		0.0,
		0.0,
		0.0,
		0.0,
		0.0,
		0.0,
		0.0,
		0.0,
		0.0,
		0.0,
		0.0,
		0.0,
		0.0,
		0.6215890858545575,
		0.8185213356647392,
		1.0610272439587805,
		1.3539199068081662,
		1.7007062953859575,
		9.7541415514465,
		11.473594247583065,
		13.32198948063606,
		15.268551935805357,
		17.273716208536488,
		19.290028760178078,
		20.0,
		20.0,
		20.0,
		20.0,
		20.0,
		20.0,
		20.0,
		20.0,
		20.0,
		20.0,
		20.0,
		20.0,
		20.0,
		20.0,
		20.0,
		19.290028760178078,
		17.273716208536488,
		15.268551935805357
	],
	[
		0.0,
		0.0,
		0.0,
		0.0,
		0.0,
		0.0,
		0.0,
		0.0,
		0.0,
		0.0,
		0.0,
		0.0,
		0.0,
		0.0,
		0.0,
		0.0,
		0.0,
		0.0,
		0.0,
		0.0,
		0.0,
		0.7566230023296705,
		0.9963367835040409,
		1.2915246376534848,
		1.648045257092557,
		2.070167466867307,
		9.442499424287627,
		11.107016081927437,
		12.896355598060522,
		14.780725920690324,
		16.721825749004587,
		18.67371767179878,
		20.0,
		20.0,
		20.0,
		20.0,
		20.0,
		20.0,
		20.0,
		20.0,
		20.0,
		20.0,
		20.0,
		20.0,
		20.0,
		20.0,
		20.0,
		18.67371767179878,
		16.721825749004587,
		14.780725920690324
	],
	[
		0.0,
		0.0,
		0.0,
		0.0,
		0.0,
		0.0,
		0.0,
		0.0,
		0.0,
		0.0,
		0.0,
		0.0,
		0.0,
		0.0,
		0.0,
		0.0,
		0.0,
		0.0,
		0.0,
		0.0,
		0.0,
		0.9066206515183874,
		1.1938567833794045,
		1.5475645134183549,
		1.9747639975476465,
		2.4805703392369733,
		9.022856400578242,
		10.613398703352864,
		12.323216494225221,
		14.123841737883387,
		15.97867531775284,
		17.84382137045162,
		19.66953654618775,
		20.0,
		20.0,
		20.0,
		20.0,
		20.0,
		20.0,
		20.0,
		20.0,
		20.0,
		20.0,
		20.0,
		20.0,
		20.0,
		19.66953654618775,
		17.84382137045162,
		15.97867531775284,
		14.123841737883387
	],
	[
		0.0,
		0.0,
		0.0,
		0.0,
		0.0,
		0.0,
		0.0,
		0.0,
		0.0,
		0.0,
		0.0,
		0.0,
		0.0,
		0.0,
		0.0,
		0.0,
		0.0,
		0.0,
		0.0,
		0.0,
		0.0,
		1.0694034523733458,
		1.408212534809416,
		1.8254281221681399,
		2.3293308320996395,
		2.9259541796143824,
		8.510602163672129,
		10.010844676956308,
		11.623591056201668,
		13.32198948063606,
		15.071518673750232,
		16.830774870118987,
		18.552838797000636,
		20.0,
		20.0,
		20.0,
		20.0,
		20.0,
		20.0,
		20.0,
		20.0,
		20.0,
		20.0,
		20.0,
		20.0,
		20.0,
		18.552838797000636,
		16.830774870118987,
		15.071518673750232,
		13.32198948063606
	],
	[
		0.0,
		0.0,
		0.0,
		0.0,
		0.0,
		0.0,
		0.0,
		0.0,
		0.0,
		0.0,
		0.0,
		0.0,
		0.0,
		0.0,
		0.0,
		0.0,
		0.0,
		0.0,
		0.0,
		0.0,
		0.0,
		1.2417308281444255,
		1.6351367794554164,
		2.1195839314221985,
		2.7046872690996753,
		3.397452569001793,
		7.923840019716845,
		9.32064854600243,
		10.822204376689259,
		12.40350698561658,
		14.032415160320806,
		15.670379711551428,
		17.273716208536488,
		18.79538411892116,
		20.0,
		20.0,
		20.0,
		20.0,
		20.0,
		20.0,
		20.0,
		20.0,
		20.0,
		20.0,
		20.0,
		18.79538411892116,
		17.273716208536488,
		15.670379711551428,
		14.032415160320806,
		12.40350698561658
	],
	[
		0.0,
		0.0,
		0.0,
		0.0,
		0.0,
		0.0,
		0.0,
		0.0,
		0.0,
		0.0,
		0.0,
		0.0,
		0.0,
		0.0,
		0.0,
		0.0,
		0.0,
		0.0,
		0.0,
		0.0,
		0.0,
		1.4193295742169592,
		1.8690024732969055,
		2.4227377550077804,
		3.0915255891470683,
		3.8833737545112887,
		7.282328624752228,
		8.566052007475314,
		9.946042388435208,
		11.399323275572343,
		12.896355598060522,
		14.401711095909459,
		15.875242015015711,
		17.273716208536488,
		18.552838797000636,
		19.66953654618775,
		20.0,
		20.0,
		20.0,
		20.0,
		20.0,
		20.0,
		20.0,
		19.66953654618775,
		18.552838797000636,
		17.273716208536488,
		15.875242015015711,
		14.401711095909459,
		12.896355598060522,
		11.399323275572343
	],
	[
		0.0,
		0.0,
		0.0,
		0.0,
		0.0,
		0.0,
		0.0,
		0.0,
		0.0,
		0.0,
		0.0,
		0.0,
		0.0,
		0.0,
		0.0,
		0.0,
		0.0,
		0.0,
		0.0,
		0.0,
		0.0,
		1.5970148266011404,
		2.102982080434759,
		2.7260392413427925,
		3.478552333702019,
		4.369531626655346,
		6.606387030821553,
		7.770955940546185,
		9.022856400578242,
		10.34124458376055,
		11.699323218991472,
		13.064952477188195,
		14.401711095909459,
		15.670379711551428,
		16.830774870118987,
		17.84382137045162,
		18.67371767179878,
		19.290028760178078,
		19.66953654618775,
		19.797691135979615,
		19.66953654618775,
		19.290028760178078,
		18.67371767179878,
		17.84382137045162,
		16.830774870118987,
		15.670379711551428,
		14.401711095909459,
		13.064952477188195,
		11.699323218991472,
		10.34124458376055
	],
	[
		0.0,
		0.0,
		0.0,
		0.0,
		0.0,
		0.0,
		0.0,
		0.0,
		0.0,
		0.0,
		0.0,
		0.0,
		0.0,
		0.0,
		0.0,
		0.0,
		0.0,
		0.0,
		0.0,
		0.0,
		0.0,
		1.7689051702015683,
		2.3293308320996395,
		3.019449054487685,
		3.8529568451145133,
		4.839834268915228,
		5.915846790739261,
		6.9586877891620285,
		8.079731906658223,
		9.260314041195642,
		10.476437937406924,
		11.699323218991472,
		12.896355598060522,
		14.032415160320806,
		15.071518673750232,
		15.97867531775284,
		16.721825749004587,
		17.273716208536488,
		17.61355550457705,
		17.728314587749388,
		17.61355550457705,
		17.273716208536488,
		16.721825749004587,
		15.97867531775284,
		15.071518673750232,
		14.032415160320806,
		12.896355598060522,
		11.699323218991472,
		10.476437937406924,
		9.260314041195642
	],
	[
		0.0,
		0.0,
		0.0,
		0.0,
		0.0,
		0.0,
		0.0,
		0.0,
		0.0,
		0.0,
		0.0,
		0.0,
		0.0,
		0.0,
		0.0,
		0.0,
		0.0,
		0.0,
		0.0,
		0.0,
		0.0,
		1.9287238980533983,
		2.5397834310310947,
		3.292253111387266,
		4.201067457162775,
		5.277108221697888,
		5.229124577375625,
		6.15091070335912,
		7.1418219886713565,
		8.185360010140087,
		9.260314041195642,
		10.34124458376055,
		11.399323275572343,
		12.40350698561658,
		13.32198948063606,
		14.123841737883387,
		14.780725920690324,
		15.268551935805357,
		15.568942070665774,
		15.670379711551428,
		15.568942070665774,
		15.268551935805357,
		14.780725920690324,
		14.123841737883387,
		13.32198948063606,
		12.40350698561658,
		11.399323275572343,
		10.34124458376055,
		9.260314041195642,
		8.185360010140087
	],
	[
		0.0,
		0.0,
		0.0,
		0.0,
		0.0,
		0.0,
		0.0,
		0.0,
		0.0,
		0.0,
		0.0,
		0.0,
		0.0,
		0.0,
		0.0,
		0.0,
		0.0,
		0.0,
		0.0,
		0.0,
		0.0,
		2.070167466867307,
		2.7260392413427925,
		3.533691520473862,
		4.509154049841384,
		5.664106599561873,
		4.562472126081099,
		5.36674126210514,
		6.231322905123726,
		7.1418219886713565,
		8.079731906658223,
		9.022856400578242,
		9.946042388435208,
		10.822204376689259,
		11.623591056201668,
		12.323216494225221,
		12.896355598060522,
		13.32198948063606,
		13.584083373594758,
		13.67258889726857,
		13.584083373594758,
		13.32198948063606,
		12.896355598060522,
		12.323216494225221,
		11.623591056201668,
		10.822204376689259,
		9.946042388435208,
		9.022856400578242,
		8.079731906658223,
		7.1418219886713565
	],
	[
		0.0,
		0.0,
		0.0,
		0.0,
		0.0,
		0.0,
		0.0,
		0.0,
		0.0,
		0.0,
		0.0,
		0.0,
		0.0,
		0.0,
		0.0,
		0.0,
		0.0,
		0.0,
		0.0,
		0.0,
		0.0,
		2.1873123448855623,
		2.8802980341752984,
		3.7336530543812954,
		4.7643142287101625,
		5.984622252187863,
		3.9294396694016016,
		4.622118322691866,
		5.36674126210514,
		6.15091070335912,
		6.9586877891620285,
		7.770955940546185,
		8.566052007475314,
		9.32064854600243,
		10.010844676956308,
		10.613398703352864,
		11.107016081927437,
		11.473594247583065,
		11.699323218991472,
		11.775548805926455,
		11.699323218991472,
		11.473594247583065,
		11.107016081927437,
		10.613398703352864,
		10.010844676956308,
		9.32064854600243,
		8.566052007475314,
		7.770955940546185,
		6.9586877891620285,
		6.15091070335912
	],
	[
		0.0,
		0.0,
		0.0,
		0.0,
		0.0,
		0.0,
		0.0,
		0.0,
		0.0,
		0.0,
		0.0,
		0.0,
		0.0,
		0.0,
		0.0,
		0.0,
		0.0,
		0.0,
		0.0,
		0.0,
		0.0,
		2.2750242803303813,
		2.9957989208347398,
		3.8833737545112887,
		4.955364776678118,
		6.224607548239852,
		3.3405670382048145,
		3.9294396694016016,
		4.562472126081099,
		5.229124577375625,
		5.915846790739261,
		6.606387030821553,
		7.282328624752228,
		7.923840019716845,
		8.510602163672129,
		9.022856400578242,
		9.442499424287627,
		9.7541415514465,
		9.946042388435208,
		10.010844676956308,
		9.946042388435208,
		9.7541415514465,
		9.442499424287627,
		9.022856400578242,
		8.510602163672129,
		7.923840019716845,
		7.282328624752228,
		6.606387030821553,
		5.915846790739261,
		5.229124577375625
	],
	[
		0.0,
		0.0,
		0.0,
		0.0,
		0.0,
		0.0,
		0.0,
		0.0,
		0.0,
		0.0,
		0.0,
		0.0,
		0.0,
		0.0,
		0.0,
		0.0,
		0.0,
		0.0,
		0.0,
		0.0,
		0.0,
		2.3293308320996395,
		3.0673109089006307,
		3.9760728257529014,
		5.073653085118126,
		6.373193642456267,
		2.8032957796946096,
		3.297458639751664,
		3.828678996632449,
		4.388112165272373,
		4.964387228915264,
		5.543866257054232,
		6.1110945736588835,
		6.649430181225894,
		7.1418219886713565,
		7.571689171106733,
		7.923840019716845,
		8.185360010140087,
		8.346396983892724,
		8.400776967844003,
		8.346396983892724,
		8.185360010140087,
		7.923840019716845,
		7.571689171106733,
		7.1418219886713565,
		6.649430181225894,
		6.1110945736588835,
		5.543866257054232,
		4.964387228915264,
		4.388112165272373
	],
	[
		0.0,
		0.0,
		0.0,
		0.0,
		0.0,
		0.0,
		0.0,
		0.0,
		0.0,
		0.0,
		0.0,
		0.0,
		0.0,
		0.0,
		0.0,
		0.0,
		0.0,
		0.0,
		0.0,
		0.0,
		0.0,
		2.3477195781259352,
		3.0915255891470683,
		4.007461666001465,
		5.113706699109777,
		6.42350639221792,
		2.322078087091118,
		2.731412256216064,
		3.1714425801885033,
		3.634842665010178,
		4.112193541473158,
		4.592198385384756,
		5.062055492118151,
		5.507979652845998,
		5.915846790739261,
		6.271922368608367,
		6.563622507720041,
		6.780249609111477,
		6.913642749668054,
		6.9586877891620285,
		6.913642749668054,
		6.780249609111477,
		6.563622507720041,
		6.271922368608367,
		5.915846790739261,
		5.507979652845998,
		5.062055492118151,
		4.592198385384756,
		4.112193541473158,
		3.634842665010178
	],
	[
		0.0,
		0.0,
		0.0,
		0.0,
		0.0,
		0.0,
		0.0,
		0.0,
		0.0,
		0.0,
		0.0,
		0.0,
		0.0,
		0.0,
		0.0,
		0.0,
		0.0,
		0.0,
		0.0,
		0.0,
		0.0,
		2.3293308320996395,
		3.0673109089006307,
		3.9760728257529014,
		5.073653085118126,
		6.373193642456267,
		7.880674083225318,
		9.592670497156615,
		11.494381150394878,
		13.558185404822638,
		15.742998354365227,
		17.994643158364592,
		20.0,
		20.0,
		20.0,
		20.0,
		20.0,
		20.0,
		20.0,
		20.0,
		20.0,
		20.0,
		20.0,
		20.0,
		20.0,
		20.0,
		20.0,
		17.994643158364592,
		15.742998354365227,
		13.558185404822638
	]
]