[
	[
		3.1364879089866466,
		3.642584574460685,
		4.170502923172418,
		4.707387774864868,
		5.238226577396081,
		5.746472645556681,
		6.214857383933858,
		6.626340517226277,
		6.965127839542012,
		7.21767285450962,
		7.3735741919429145,
		7.426286068949821,
		7.3735741919429145,
		7.21767285450962,
		6.965127839542012,
		6.626340517226277,
		6.214857383933858,
		5.746472645556681,
		5.238226577396081,
		4.707387774864868,
		4.170502923172418,
		3.642584574460685,
		0.0,
		0.0,
		0.0,
		0.0,
		0.0,
		0.0,
		0.0,
		0.0,
		0.0,
		0.0,
		0.0,
		0.0,
		0.0,
		0.0,
		0.0,
		0.0,
		0.6503456908993673,
		0.8539066584241461,
		1.1070717856371273,
		1.417230254540862,
		1.7914483725432648,
		2.2359774963216297,
		2.755686505382785,
		3.3534469490202192,
		4.029510767979773,
		4.780930723009402,
		5.601080704553979,
		6.479335370819971,
		7.400964798285399,
		8.347289330125784,
		9.29612265498465,
		10.222508328378693,
		11.099728357483526,
		11.900534768831468,
		12.598529411864991,
		13.16959685107313,
		13.593282931694748,
		13.854009528268906,
		13.942025000859779,
		13.854009528268906,
		13.593282931694748,
		13.16959685107313,
		12.598529411864991,
		11.900534768831468,
		11.099728357483526,
		10.222508328378693,
		9.29612265498465,
		8.347289330125784,
		7.400964798285399,
		6.479335370819971,
		5.601080704553979,
		4.780930723009402,
		4.029510767979773,
		3.3534469490202192,
		2.755686505382785,
		2.2359774963216297,
		1.7914483725432648,
		1.417230254540862,
		1.1070717856371273,
		0.8539066584241461,
		0.19253271811876782,
		0.27091223167063233,
		0.37004534061776645,
		0.49066323878002976,
		0.6315596230319815,
		0.7891279885946846,
		0.9571561452508834,
		1.126990853852841,
		1.288131633684693,
		1.4292307597487168,
		1.5393831124395485,
		1.6095087273863178,
		1.6335867741726384,
		1.6095087273863178,
		1.5393831124395485,
		1.4292307597487168,
		1.288131633684693,
		1.126990853852841
	],
	[
		3.8016433037685675,
		4.415067954265816,
		5.054942015175216,
		5.705684106507179,
		6.349097962253656,
		6.965127839542012,
		7.532842989706349,
		8.031589404067702,
		8.442223397456637,
		8.748325666271672,
		8.93728902041173,
		9.001179511963834,
		8.93728902041173,
		8.748325666271672,
		8.442223397456637,
		8.031589404067702,
		7.532842989706349,
		6.965127839542012,
		6.349097962253656,
		5.705684106507179,
		5.054942015175216,
		4.415067954265816,
		0.0,
		0.0,
		0.0,
		0.0,
		0.0,
		0.0,
		0.0,
		0.0,
		0.0,
		0.0,
		0.0,
		0.0,
		0.0,
		0.0,
		0.0,
		0.0,
		0.7428517416677102,
		0.9753674965614335,
		1.2645431739148345,
		1.6188190029735396,
		2.046266412269456,
		2.5540259599096,
		3.1476590814077765,
		3.830445779113199,
		4.602673830164188,
		5.460976776010886,
		6.397786000312188,
		7.400964798285399,
		8.453688042162241,
		9.534619055464347,
		10.618415715897418,
		11.676571740557332,
		12.678568733180072,
		13.593282931694748,
		14.390561276900875,
		15.042858121120494,
		15.526809882951785,
		15.824622583296373,
		15.925157495763338,
		15.824622583296373,
		15.526809882951785,
		15.042858121120494,
		14.390561276900875,
		13.593282931694748,
		12.678568733180072,
		11.676571740557332,
		10.618415715897418,
		9.534619055464347,
		8.453688042162241,
		7.400964798285399,
		6.397786000312188,
		5.460976776010886,
		4.602673830164188,
		3.830445779113199,
		3.1476590814077765,
		2.5540259599096,
		2.046266412269456,
		1.6188190029735396,
		1.2645431739148345,
		0.9753674965614335,
		0.28749090141530187,
		0.40452761716778096,
		0.552553714393148,
		0.7326610156784144,
		0.9430482626385029,
		1.1783302027304376,
		1.4292307597487168,
		1.6828288699538745,
		1.9234451584542347,
		2.134135140590333,
		2.298615232480836,
		2.4033271819631703,
		2.439280652326837,
		2.4033271819631703,
		2.298615232480836,
		2.134135140590333,
		1.9234451584542347,
		1.6828288699538745
	],
	[
		4.542677162452059,
		5.27567337699345,
		6.0402746430978045,
		6.817862386274448,
		7.5866934403629145,
		8.322802704525566,
		9.001179511963834,
		9.597143879301568,
		10.087820545901312,
		10.45358968172276,
		10.67938664498374,
		10.755730966026132,
		10.67938664498374,
		10.45358968172276,
		10.087820545901312,
		9.597143879301568,
		9.001179511963834,
		8.322802704525566,
		7.5866934403629145,
		6.817862386274448,
		6.0402746430978045,
		5.27567337699345,
		0.0,
		0.0,
		0.0,
		0.0,
		0.0,
		0.0,
		0.0,
		0.0,
		0.0,
		0.0,
		0.0,
		0.0,
		0.0,
		0.0,
		0.0,
		0.0,
		0.8378364964693236,
		1.1000828836376786,
		1.4262340155364763,
		1.825809331515321,
		2.307912313498471,
		2.8805965472172956,
		3.5501345812637446,
		4.320225815561834,
		5.191194823880196,
		6.159244695370126,
		7.215839052390349,
		8.347289330125784,
		9.534619055464347,
		10.75376333730569,
		11.976139682313416,
		13.16959685107313,
		14.299714211890143,
		15.331388362150259,
		16.230610721054234,
		16.966313516058822,
		17.51214578089621,
		17.84803830892691,
		17.961428120257327,
		17.84803830892691,
		17.51214578089621,
		16.966313516058822,
		16.230610721054234,
		15.331388362150259,
		14.299714211890143,
		13.16959685107313,
		11.976139682313416,
		10.75376333730569,
		9.534619055464347,
		8.347289330125784,
		7.215839052390349,
		6.159244695370126,
		5.191194823880196,
		4.320225815561834,
		3.5501345812637446,
		2.8805965472172956,
		2.307912313498471,
		1.825809331515321,
		1.4262340155364763,
		1.1000828836376786,
		0.4167215134368177,
		0.5863676381522336,
		0.8009332433947833,
		1.062000939113595,
		1.3669597796522164,
		1.708003776790149,
		2.071687146691861,
		2.439280652326837,
		2.7880568515310413,
		3.093454510342158,
		3.33187037841105,
		3.4836516064373355,
		3.535766593414295,
		3.4836516064373355,
		3.33187037841105,
		3.093454510342158,
		2.7880568515310413,
		2.439280652326837
	],
	[
		5.351371983908159,
		6.214857383933858,
		7.115574218515813,
		8.031589404067702,
		8.93728902041173,
		9.804441660246024,
		10.603584216944604,
		11.305643136107864,
		11.883670865769805,
		12.314554821643227,
		12.580548529766238,
		12.67048379175968,
		12.580548529766238,
		12.314554821643227,
		11.883670865769805,
		11.305643136107864,
		10.603584216944604,
		9.804441660246024,
		0.00025721695078852034,
		0.00042960074020143056,
		0.0007032254133606375,
		0.0011282054507055516,
		0.0017739686098219064,
		0.002733806479472175,
		0.004129083893361705,
		0.006112287105885702,
		0.008867840744995206,
		0.012609449456091985,
		0.01757269882262757,
		0.024001860479729922,
		0.03213034942570938,
		0.042155096803769276,
		0.054206183857887315,
		0.0683143085991911,
		0.08437982517945072,
		0.10214795249646283,
		0.1211950301316882,
		0.14093019625663464,
		0.9330730645566447,
		1.225128902629156,
		1.588353514390351,
		2.033348410378654,
		2.5702518619787535,
		3.2080329030662402,
		3.953677080537118,
		4.811304303751588,
		5.781276040659844,
		6.859363786945847,
		8.036060838044305,
		9.29612265498465,
		10.618415715897418,
		11.976139682313416,
		13.337463099333682,
		14.666580107919973,
		15.925157495763338,
		17.074101669314654,
		18.07553830483499,
		18.894868167440176,
		19.502744986165464,
		19.87681829499364,
		20.0,
		19.87681829499364,
		19.502744986165464,
		18.894868167440176,
		18.07553830483499,
		17.074101669314654,
		15.925157495763338,
		14.666580107919973,
		13.337463099333682,
		11.976139682313416,
		10.618415715897418,
		9.29612265498465,
		8.036060838044305,
		6.859363786945847,
		5.781276040659844,
		4.811304303751588,
		3.953677080537118,
		3.2080329030662402,
		2.5702518619787535,
		2.033348410378654,
		1.588353514390351,
		1.225128902629156,
		0.5863676381522336,
		0.8250762103367121,
		1.126990853852841,
		1.4943384545897913,
		1.9234451584542347,
		2.4033271819631703,
		2.91506500151024,
		3.4323047617559297,
		3.9230667444633345,
		4.352790908251791,
		4.688265187716287,
		4.901836115359581,
		4.975166963037659,
		4.901836115359581,
		4.688265187716287,
		4.352790908251791,
		3.9230667444633345,
		3.4323047617559297
	],
	[
		6.214857383933858,
		0.010621164152516497,
		0.016690319121759906,
		0.02547376432595239,
		0.03776222530176555,
		0.05436983287312809,
		0.07603164440895063,
		0.10326823049458464,
		0.1362307206006113,
		0.17454979325763648,
		0.21721989035587352,
		0.2625522884436326,
		0.3082250930502106,
		0.35144400804154874,
		0.3892066575964097,
		0.41863963617728694,
		0.4373573148856996,
		0.4437807004890884,
		0.00039638884408801743,
		0.0006620440072311185,
		0.0010837182692696066,
		0.0017386414586131281,
		0.002733806479472175,
		0.0042129820256257755,
		0.006363199573801732,
		0.009419450830159902,
		0.013665946710313567,
		0.019432020631470957,
		0.027080726027015313,
		0.0369885021277012,
		0.049515057347338076,
		0.06496387599355029,
		0.0835354221251014,
		0.10527700346844318,
		0.13003505898307297,
		0.15741695363351482,
		0.18676979785290387,
		0.21718303331103003,
		1.0260565105927897,
		1.3472165627836887,
		1.7466375640556497,
		2.2359774963216297,
		2.8263849392112,
		3.527722716924679,
		4.347672506433532,
		5.290764778054242,
		6.357397021070075,
		7.542919348405361,
		8.836877684721278,
		10.222508328378693,
		11.676571740557332,
		13.16959685107313,
		14.666580107919973,
		16.12814749401483,
		17.51214578089621,
		18.7755855846592,
		19.87681829499364,
		20.0,
		20.0,
		20.0,
		20.0,
		20.0,
		20.0,
		20.0,
		19.87681829499364,
		18.7755855846592,
		17.51214578089621,
		16.12814749401483,
		14.666580107919973,
		13.16959685107313,
		11.676571740557332,
		10.222508328378693,
		8.836877684721278,
		7.542919348405361,
		6.357397021070075,
		5.290764778054242,
		4.347672506433532,
		3.527722716924679,
		2.8263849392112,
		2.2359774963216297,
		1.7466375640556497,
		1.3472165627836887,
		0.8009332433947833,
		1.126990853852841,
		1.5393831124395485,
		2.0411517745688035,
		2.627278637182878,
		3.282760694049185,
		3.9817553262720455,
		4.688265187716287,
		5.3586084348015675,
		5.94557870033802,
		6.4038108489841035,
		6.69553236402407,
		6.795696680487325,
		6.69553236402407,
		6.4038108489841035,
		5.94557870033802,
		5.3586084348015675,
		4.688265187716287
	],
	[
		7.115574218515813,
		0.017184174495771178,
		0.027003570612405464,
		0.041214466225682145,
		0.06109619055086506,
		0.0879659406428045,
		0.1230129791765126,
		0.16707954676211337,
		0.22041015851646478,
		0.2824072825227293,
		0.35144400804154874,
		0.42478811871205807,
		0.4986829792754115,
		0.5686076472368884,
		0.6297045241945465,
		0.6773246751122081,
		0.70760834764211,
		0.7180008599389943,
		0.0005986973854667665,
		0.0009999373647992975,
		0.0016368253145141833,
		0.0026260075455218183,
		0.004129083893361705,
		0.006363199573801732,
		0.009610843001405,
		0.014226940714046126,
		0.020640758909895435,
		0.02934971586590525,
		0.04090215986329772,
		0.055866656810526695,
		0.07478650274149952,
		0.09812007398091536,
		0.12617014723314393,
		0.15900817509469872,
		0.1964022221949713,
		0.23775926082218796,
		0.28209318028602476,
		0.32802869240735516,
		1.114105088610252,
		1.462824720239018,
		1.8965210765515987,
		2.427852541212114,
		3.06892438246637,
		3.830445779113199,
		4.720757592805556,
		5.744779065301846,
		6.902941795474632,
		8.190196877343602,
		9.595193144173342,
		11.099728357483526,
		12.678568733180072,
		14.299714211890143,
		15.925157495763338,
		17.51214578089621,
		19.014908560649527,
		20.0,
		20.0,
		20.0,
		20.0,
		20.0,
		20.0,
		20.0,
		20.0,
		20.0,
		20.0,
		20.0,
		19.014908560649527,
		17.51214578089621,
		15.925157495763338,
		14.299714211890143,
		12.678568733180072,
		11.099728357483526,
		9.595193144173342,
		8.190196877343602,
		6.902941795474632,
		5.744779065301846,
		4.720757592805556,
		3.830445779113199,
		3.06892438246637,
		2.427852541212114,
		1.8965210765515987,
		1.462824720239018,
		1.062000939113595,
		1.4943384545897913,
		2.0411517745688035,
		2.706474127952983,
		3.4836516064373355,
		4.352790908251791,
		5.279625899779471,
		6.216425742381292,
		7.105270304401954,
		7.8835660966821255,
		8.491161019489333,
		8.877970438984708,
		9.010783752737023,
		8.877970438984708,
		8.491161019489333,
		7.8835660966821255,
		7.105270304401954,
		6.216425742381292
	],
	[
		8.031589404067702,
		0.027003570612405464,
		0.04243397470146813,
		0.06476527279513421,
		0.09600782953497501,
		0.13823151587637775,
		0.1933051640189508,
		0.2625522884436326,
		0.3463571253105886,
		0.4437807004890884,
		0.5522664524730116,
		0.6675209194235521,
		0.7836408462555003,
		0.89352192953427,
		0.9895308377032117,
		1.0643621371755791,
		1.1119505325195291,
		1.128281543341042,
		0.0008862523513748906,
		0.0014802083027138644,
		0.002422994185363228,
		0.0038872816525371383,
		0.006112287105885702,
		0.009419450830159902,
		0.014226940714046126,
		0.021060154874176343,
		0.030554536502268564,
		0.04344641438189036,
		0.06054750903396345,
		0.08269946915365604,
		0.11070653641502812,
		0.1452472457598392,
		0.18676979785290387,
		0.23537996404584213,
		0.29073441017258184,
		0.35195527670550864,
		0.4175828229822603,
		0.48558120850619163,
		1.1944838572738061,
		1.5683623853888022,
		2.033348410378654,
		2.603013573824163,
		3.2903364965533024,
		4.106798986997465,
		5.061343670679198,
		6.159244695370126,
		7.400964798285399,
		8.781090812613352,
		10.287452624811468,
		11.900534768831468,
		13.593282931694748,
		15.331388362150259,
		17.074101669314654,
		18.7755855846592,
		20.0,
		20.0,
		20.0,
		20.0,
		20.0,
		20.0,
		20.0,
		20.0,
		20.0,
		20.0,
		20.0,
		20.0,
		20.0,
		18.7755855846592,
		17.074101669314654,
		15.331388362150259,
		13.593282931694748,
		11.900534768831468,
		10.287452624811468,
		8.781090812613352,
		7.400964798285399,
		6.159244695370126,
		5.061343670679198,
		4.106798986997465,
		3.2903364965533024,
		2.603013573824163,
		2.033348410378654,
		1.5683623853888022,
		1.3669597796522164,
		1.9234451584542347,
		2.627278637182878,
		3.4836516064373355,
		4.483999455118476,
		5.602716421119471,
		6.795696680487325,
		8.001503247372332,
		9.145583936847949,
		10.147371228681736,
		10.92944004915903,
		11.427323713256472,
		11.598275029225436,
		11.427323713256472,
		10.92944004915903,
		10.147371228681736,
		9.145583936847949,
		8.001503247372332
	],
	[
		0.0010774735623900313,
		0.001494137488323041,
		0.002013854420073788,
		0.002638269477709757,
		0.0033594161379528276,
		0.004157784976386299,
		0.005001655985657754,
		0.005848159111941331,
		0.006646272031294682,
		0.007341598269106879,
		0.007882367699706306,
		0.00822576568841901,
		0.008343524570207693,
		0.00822576568841901,
		0.007882367699706306,
		0.007341598269106879,
		0.006646272031294682,
		0.005848159111941331,
		0.0012857944294374292,
		0.002147518804417176,
		0.0035153333260736813,
		0.005639753831662655,
		0.008867840744995206,
		0.013665946710313567,
		0.020640758909895435,
		0.030554536502268564,
		0.044329194464434035,
		0.06303301481186627,
		0.08784365955295585,
		0.11998221115040308,
		0.16061548113686366,
		0.21072790294931504,
		0.2709697359830579,
		0.3414944356444394,
		0.4218038851640252,
		0.5106244666059261,
		0.6058383560691084,
		0.704491911325432,
		1.2645431739148345,
		1.66035056613878,
		2.152609126424978,
		2.755686505382785,
		3.483322550792392,
		4.347672506433532,
		5.3582035040657106,
		6.520499032760135,
		7.835048970369215,
		9.29612265498465,
		10.89083616698523,
		12.598529411864991,
		14.390561276900875,
		16.230610721054234,
		18.07553830483499,
		19.87681829499364,
		20.0,
		20.0,
		20.0,
		20.0,
		20.0,
		20.0,
		20.0,
		20.0,
		20.0,
		20.0,
		20.0,
		20.0,
		20.0,
		19.87681829499364,
		18.07553830483499,
		16.230610721054234,
		14.390561276900875,
		12.598529411864991,
		10.89083616698523,
		9.29612265498465,
		7.835048970369215,
		6.520499032760135,
		5.3582035040657106,
		4.347672506433532,
		3.483322550792392,
		2.755686505382785,
		2.152609126424978,
		1.66035056613878,
		1.708003776790149,
		2.4033271819631703,
		3.282760694049185,
		4.352790908251791,
		5.602716421119471,
		7.0005430664469985,
		8.491161019489333,
		9.99780532678705,
		11.427323713256472,
		12.679047797214388,
		13.656235655239652,
		14.278336752388906,
		14.491938862464538,
		14.278336752388906,
		13.656235655239652,
		12.679047797214388,
		11.427323713256472,
		9.99780532678705
	],
	[
		0.002101588662342047,
		0.0029142825541581727,
		0.0039279790841888415,
		0.005145887023212949,
		0.006552467841484624,
		0.008109668832567144,
		0.009755620814563017,
		0.011406706683332293,
		0.012963408509835706,
		0.014319627157812244,
		0.015374386127274105,
		0.01604417640792736,
		0.016273862536195983,
		0.01604417640792736,
		0.015374386127274105,
		0.014319627157812244,
		0.012963408509835706,
		0.011406706683332293,
		0.001828309769553112,
		0.0030536215747433483,
		0.004998558180181416,
		0.008019335589138362,
		0.012609449456091985,
		0.019432020631470957,
		0.02934971586590525,
		0.04344641438189036,
		0.06303301481186627,
		0.08962853948227448,
		0.12490754142109343,
		0.1706063145061568,
		0.228383983147667,
		0.2996403428565497,
		0.3853000170235697,
		0.48558120850619163,
		0.5997756300890675,
		0.7260722861250298,
		0.8614597791155318,
		1.0017382363454337,
		1.3218625171879932,
		1.7356111076667216,
		2.2501828146909966,
		2.8805965472172956,
		3.641214954261608,
		4.544744253746069,
		5.601080704553979,
		6.816060884724432,
		8.190196877343602,
		9.717498260469783,
		11.38449711084574,
		13.16959685107313,
		15.042858121120494,
		16.966313516058822,
		18.894868167440176,
		20.0,
		20.0,
		20.0,
		20.0,
		20.0,
		20.0,
		20.0,
		20.0,
		20.0,
		20.0,
		20.0,
		20.0,
		20.0,
		20.0,
		20.0,
		18.894868167440176,
		16.966313516058822,
		15.042858121120494,
		13.16959685107313,
		11.38449711084574,
		9.717498260469783,
		8.190196877343602,
		6.816060884724432,
		5.601080704553979,
		4.544744253746069,
		3.641214954261608,
		2.8805965472172956,
		2.2501828146909966,
		1.7356111076667216,
		2.071687146691861,
		2.91506500151024,
		3.9817553262720455,
		5.279625899779471,
		6.795696680487325,
		8.491161019489333,
		10.299174617532652,
		12.126627043856317,
		13.860531211664403,
		15.378783531231061,
		16.564042927541525,
		17.318607328639665,
		17.577691501615895,
		17.318607328639665,
		16.564042927541525,
		15.378783531231061,
		13.860531211664403,
		12.126627043856317
	],
	[
		0.003984211469375138,
		0.005524924161104503,
		0.007446699536935223,
		0.009755620814563017,
		0.012422229903763066,
		0.015374386127274105,
		0.01849479731059318,
		0.021624941364540833,
		0.024576151267167667,
		0.027147283282234237,
		0.02914690521532605,
		0.03041669990258934,
		0.030852141015782444,
		0.03041669990258934,
		0.02914690521532605,
		0.027147283282234237,
		0.024576151267167667,
		0.021624941364540833,
		0.002547957152824178,
		0.004255568210023454,
		0.00696605809425504,
		0.011175854231877192,
		0.01757269882262757,
		0.027080726027015313,
		0.04090215986329772,
		0.06054750903396345,
		0.08784365955295585,
		0.12490754142109343,
		0.1740728343224617,
		0.23775926082218796,
		0.31827899907454343,
		0.4175828229822603,
		0.5369593001728808,
		0.6767125210914189,
		0.8358554071220654,
		1.0118641303064635,
		1.200541966476644,
		1.3960359163741125,
		1.3643888568596871,
		1.7914483725432648,
		2.322574638694392,
		2.9732697455501067,
		3.7583584105205765,
		4.6909556299994275,
		5.781276040659844,
		7.035343992186594,
		8.453688042162241,
		10.030125047605667,
		11.75075380156208,
		13.593282931694748,
		15.526809882951785,
		17.51214578089621,
		19.502744986165464,
		20.0,
		20.0,
		20.0,
		20.0,
		20.0,
		20.0,
		20.0,
		20.0,
		20.0,
		20.0,
		20.0,
		20.0,
		20.0,
		20.0,
		20.0,
		19.502744986165464,
		17.51214578089621,
		15.526809882951785,
		13.593282931694748,
		11.75075380156208,
		10.030125047605667,
		8.453688042162241,
		7.035343992186594,
		5.781276040659844,
		4.6909556299994275,
		3.7583584105205765,
		2.9732697455501067,
		2.322574638694392,
		1.7914483725432648,
		2.439280652326837,
		3.4323047617559297,
		4.688265187716287,
		6.216425742381292,
		8.001503247372332,
		9.99780532678705,
		12.126627043856317,
		14.278336752388906,
		16.31989930022674,
		18.10754542931678,
		19.503113441613152,
		20.0,
		20.0,
		20.0,
		19.503113441613152,
		18.10754542931678,
		16.31989930022674,
		14.278336752388906
	],
	[
		0.007341598269106879,
		0.010180627702593573,
		0.013721830994953917,
		0.017976417526224257,
		0.02289010567358711,
		0.02832996377029125,
		0.03407986071186847,
		0.039847692149822124,
		0.04528580648673361,
		0.050023561622612144,
		0.053708210651835786,
		0.05604802683624016,
		0.05685040234956041,
		0.05604802683624016,
		0.053708210651835786,
		0.050023561622612144,
		0.04528580648673361,
		0.039847692149822124,
		0.0034801547962381428,
		0.005812513801661125,
		0.00951466568451677,
		0.015264661206730134,
		0.024001860479729922,
		0.0369885021277012,
		0.055866656810526695,
		0.08269946915365604,
		0.11998221115040308,
		0.1706063145061568,
		0.23775926082218796,
		0.3247460542981399,
		0.43472480843856004,
		0.5703600088477078,
		0.7334116595367572,
		0.9242951057243396,
		1.1416621354221705,
		1.3820655509548823,
		1.639773211291194,
		1.906790734178936,
		1.3905585808947314,
		1.825809331515321,
		2.3671228897592105,
		3.0302986844274606,
		3.830445779113199,
		4.780930723009402,
		5.892164075103855,
		7.170285735401128,
		8.61583439950712,
		10.222508328378693,
		11.976139682313416,
		13.854009528268906,
		15.824622583296373,
		17.84803830892691,
		19.87681829499364,
		20.0,
		20.0,
		20.0,
		20.0,
		20.0,
		20.0,
		20.0,
		20.0,
		20.0,
		20.0,
		20.0,
		20.0,
		20.0,
		20.0,
		20.0,
		19.87681829499364,
		17.84803830892691,
		15.824622583296373,
		13.854009528268906,
		11.976139682313416,
		10.222508328378693,
		8.61583439950712,
		7.170285735401128,
		5.892164075103855,
		4.780930723009402,
		3.830445779113199,
		3.0302986844274606,
		2.3671228897592105,
		1.825809331515321,
		2.7880568515310413,
		3.9230667444633345,
		5.3586084348015675,
		7.105270304401954,
		9.145583936847949,
		11.427323713256472,
		13.860531211664403,
		16.31989930022674,
		18.653371032517505,
		20.0,
		20.0,
		20.0,
		20.0,
		20.0,
		20.0,
		20.0,
		18.653371032517505,
		16.31989930022674
	],
	[
		0.01314899080674422,
		0.018233765341204564,
		0.024576151267167667,
		0.03219622487179124,
		0.040996766376324136,
		0.050739691756012256,
		0.06103790465914397,
		0.07136823870529284,
		0.08110804096646612,
		0.08959348193487401,
		0.0961927828548405,
		0.10038345365572955,
		0.1018205287804473,
		0.10038345365572955,
		0.0961927828548405,
		0.08959348193487401,
		0.08110804096646612,
		0.07136823870529284,
		0.004658746756449289,
		0.00778098429689863,
		0.012736909847905677,
		0.020434203375672193,
		0.03213034942570938,
		0.049515057347338076,
		0.07478650274149952,
		0.11070653641502812,
		0.16061548113686366,
		0.228383983147667,
		0.31827899907454343,
		0.43472480843856004,
		0.5819490539473663,
		0.7635185779954071,
		0.9817894289364097,
		1.237317613127389,
		1.5282983320478272,
		1.8501169573466167,
		2.1951000966028658,
		2.5525459837838183,
		1.3993928949186258,
		1.8374088234058268,
		2.382161383806562,
		3.0495503797765333,
		3.854780863826,
		4.811304303751588,
		5.929597397536255,
		7.215839052390349,
		8.670571386289895,
		10.287452624811468,
		12.052224918995421,
		13.942025000859779,
		15.925157495763338,
		17.961428120257327,
		20.0,
		20.0,
		20.0,
		20.0,
		20.0,
		20.0,
		20.0,
		20.0,
		20.0,
		20.0,
		20.0,
		20.0,
		20.0,
		20.0,
		20.0,
		20.0,
		20.0,
		17.961428120257327,
		15.925157495763338,
		13.942025000859779,
		12.052224918995421,
		10.287452624811468,
		8.670571386289895,
		7.215839052390349,
		5.929597397536255,
		4.811304303751588,
		3.854780863826,
		3.0495503797765333,
		2.382161383806562,
		1.8374088234058268,
		3.093454510342158,
		4.352790908251791,
		5.94557870033802,
		7.8835660966821255,
		10.147371228681736,
		12.679047797214388,
		15.378783531231061,
		18.10754542931678,
		20.0,
		20.0,
		20.0,
		20.0,
		20.0,
		20.0,
		20.0,
		20.0,
		20.0,
		18.10754542931678
	],
	[
		0.02289010567358711,
		0.03174181362066881,
		0.04278280423369013,
		0.05604802683624016,
		0.07136823870529284,
		0.08832897696944525,
		0.10625637421736765,
		0.12423968878767816,
		0.14119499024577553,
		0.15596666689446695,
		0.16745490182062983,
		0.1747501307005805,
		0.17725182850759402,
		0.1747501307005805,
		0.16745490182062983,
		0.15596666689446695,
		0.14119499024577553,
		0.12423968878767816,
		0.006112287105885702,
		0.010208670373248782,
		0.016710856782333035,
		0.02680972466238132,
		0.042155096803769276,
		0.06496387599355029,
		0.09812007398091536,
		0.1452472457598392,
		0.21072790294931504,
		0.2996403428565497,
		0.4175828229822603,
		0.5703600088477078,
		0.7635185779954071,
		1.0017382363454337,
		1.2881101250836435,
		1.6233637259063896,
		2.005131138753337,
		2.427357959974,
		2.8799766799988387,
		3.3489465556941624,
		1.3905585808947314,
		1.825809331515321,
		2.3671228897592105,
		3.0302986844274606,
		3.830445779113199,
		4.780930723009402,
		5.892164075103855,
		7.170285735401128,
		8.61583439950712,
		10.222508328378693,
		11.976139682313416,
		13.854009528268906,
		15.824622583296373,
		17.84803830892691,
		19.87681829499364,
		20.0,
		20.0,
		20.0,
		20.0,
		20.0,
		20.0,
		20.0,
		20.0,
		20.0,
		20.0,
		20.0,
		20.0,
		20.0,
		20.0,
		20.0,
		19.87681829499364,
		17.84803830892691,
		15.824622583296373,
		13.854009528268906,
		11.976139682313416,
		10.222508328378693,
		8.61583439950712,
		7.170285735401128,
		5.892164075103855,
		4.780930723009402,
		3.830445779113199,
		3.0302986844274606,
		2.3671228897592105,
		1.825809331515321,
		3.33187037841105,
		4.688265187716287,
		6.4038108489841035,
		8.491161019489333,
		10.92944004915903,
		13.656235655239652,
		16.564042927541525,
		19.503113441613152,
		20.0,
		20.0,
		20.0,
		20.0,
		20.0,
		20.0,
		20.0,
		20.0,
		20.0,
		19.503113441613152
	],
	[
		0.038730824648257625,
		0.053708210651835786,
		0.07238993617438008,
		0.09483513664072445,
		0.12075744770104939,
		0.14945558430999833,
		0.17978934026159876,
		0.2102177101935409,
		0.23890664754474208,
		0.26390081865953074,
		0.28333929652364254,
		0.29568306786954374,
		0.29991602425987507,
		0.29568306786954374,
		0.28333929652364254,
		0.26390081865953074,
		0.23890664754474208,
		0.2102177101935409,
		0.00785963700181112,
		0.013127073714782944,
		0.021488072471582433,
		0.03447395390866318,
		0.054206183857887315,
		0.0835354221251014,
		0.12617014723314393,
		0.18676979785290387,
		0.2709697359830579,
		0.3853000170235697,
		0.5369593001728808,
		0.7334116595367572,
		0.9817894289364097,
		1.2881101250836435,
		1.656348569059554,
		2.0874427831188993,
		2.57834794384151,
		3.1212788451120796,
		3.703289928360126,
		4.306326553423179,
		1.3643888568596871,
		1.7914483725432648,
		2.322574638694392,
		2.9732697455501067,
		3.7583584105205765,
		4.6909556299994275,
		5.781276040659844,
		7.035343992186594,
		8.453688042162241,
		10.030125047605667,
		11.75075380156208,
		13.593282931694748,
		15.526809882951785,
		17.51214578089621,
		19.502744986165464,
		20.0,
		20.0,
		20.0,
		20.0,
		20.0,
		20.0,
		20.0,
		20.0,
		20.0,
		20.0,
		20.0,
		20.0,
		20.0,
		20.0,
		20.0,
		19.502744986165464,
		17.51214578089621,
		15.526809882951785,
		13.593282931694748,
		11.75075380156208,
		10.030125047605667,
		8.453688042162241,
		7.035343992186594,
		5.781276040659844,
		4.6909556299994275,
		3.7583584105205765,
		2.9732697455501067,
		2.322574638694392,
		1.7914483725432648,
		3.4836516064373355,
		4.901836115359581,
		6.69553236402407,
		8.877970438984708,
		11.427323713256472,
		14.278336752388906,
		17.318607328639665,
		20.0,
		20.0,
		20.0,
		20.0,
		20.0,
		20.0,
		20.0,
		20.0,
		20.0,
		20.0,
		20.0
	],
	[
		0.06369704141775635,
		0.08832897696944525,
		0.11905310058859452,
		0.15596666689446695,
		0.19859871865811984,
		0.24579591656944516,
		0.29568306786954374,
		0.34572582212101854,
		0.3929078908553358,
		0.4340135158235561,
		0.46598220073675406,
		0.4862828713734314,
		0.4932444272133384,
		0.4862828713734314,
		0.46598220073675406,
		0.4340135158235561,
		0.3929078908553358,
		0.34572582212101854,
		0.009905247508789915,
		0.016543628437432012,
		0.027080726027015313,
		0.04344641438189036,
		0.0683143085991911,
		0.10527700346844318,
		0.15900817509469872,
		0.23537996404584213,
		0.3414944356444394,
		0.48558120850619163,
		0.6767125210914189,
		0.9242951057243396,
		1.237317613127389,
		1.6233637259063896,
		2.0874427831188993,
		2.6307369440173094,
		3.2494089156591635,
		3.9336472533859745,
		4.667137086453632,
		5.427124733050852,
		1.3218625171879932,
		1.7356111076667216,
		2.2501828146909966,
		2.8805965472172956,
		3.641214954261608,
		4.544744253746069,
		5.601080704553979,
		6.816060884724432,
		8.190196877343602,
		9.717498260469783,
		11.38449711084574,
		13.16959685107313,
		15.042858121120494,
		16.966313516058822,
		18.894868167440176,
		20.0,
		20.0,
		20.0,
		20.0,
		20.0,
		20.0,
		20.0,
		20.0,
		20.0,
		20.0,
		20.0,
		20.0,
		20.0,
		20.0,
		20.0,
		18.894868167440176,
		16.966313516058822,
		15.042858121120494,
		13.16959685107313,
		11.38449711084574,
		9.717498260469783,
		8.190196877343602,
		6.816060884724432,
		5.601080704553979,
		4.544744253746069,
		3.641214954261608,
		2.8805965472172956,
		2.2501828146909966,
		1.7356111076667216,
		3.535766593414295,
		4.975166963037659,
		6.795696680487325,
		9.010783752737023,
		11.598275029225436,
		14.491938862464538,
		17.577691501615895,
		20.0,
		20.0,
		20.0,
		20.0,
		20.0,
		20.0,
		20.0,
		20.0,
		20.0,
		20.0,
		20.0
	],
	[
		0.1018205287804473,
		0.14119499024577553,
		0.1903078916237278,
		0.24931469565698844,
		0.31746257124042954,
		0.3929078908553358,
		0.47265313508751494,
		0.5526471126114811,
		0.6280682480450086,
		0.6937761110313765,
		0.7448784594266339,
		0.7773293389779716,
		0.788457474303836,
		0.7773293389779716,
		0.7448784594266339,
		0.6937761110313765,
		0.6280682480450086,
		0.5526471126114811,
		0.012234670456150657,
		0.020434203375672193,
		0.033449316471882005,
		0.053663733489960126,
		0.08437982517945072,
		0.13003505898307297,
		0.1964022221949713,
		0.29073441017258184,
		0.4218038851640252,
		0.5997756300890675,
		0.8358554071220654,
		1.1416621354221705,
		1.5282983320478272,
		2.005131138753337,
		2.57834794384151,
		3.2494089156591635,
		4.013574342800495,
		4.858725417331754,
		5.764710490653366,
		6.7034248840707225,
		1.2645431739148345,
		1.66035056613878,
		2.152609126424978,
		2.755686505382785,
		3.483322550792392,
		4.347672506433532,
		5.3582035040657106,
		6.520499032760135,
		7.835048970369215,
		9.29612265498465,
		10.89083616698523,
		12.598529411864991,
		14.390561276900875,
		16.230610721054234,
		18.07553830483499,
		19.87681829499364,
		20.0,
		20.0,
		20.0,
		20.0,
		20.0,
		20.0,
		20.0,
		20.0,
		20.0,
		20.0,
		20.0,
		20.0,
		20.0,
		19.87681829499364,
		18.07553830483499,
		16.230610721054234,
		14.390561276900875,
		12.598529411864991,
		10.89083616698523,
		9.29612265498465,
		7.835048970369215,
		6.520499032760135,
		5.3582035040657106,
		4.347672506433532,
		3.483322550792392,
		2.755686505382785,
		2.152609126424978,
		1.66035056613878,
		3.4836516064373355,
		4.901836115359581,
		6.69553236402407,
		8.877970438984708,
		11.427323713256472,
		14.278336752388906,
		17.318607328639665,
		20.0,
		20.0,
		20.0,
		20.0,
		20.0,
		20.0,
		20.0,
		20.0,
		20.0,
		20.0,
		20.0
	],
	[
		0.15819946332771048,
		0.21937591514190205,
		0.29568306786954374,
		0.38736246535994245,
		0.4932444272133384,
		0.6104644929173948,
		0.7343653898344663,
		0.8586527458845222,
		0.9758352364103606,
		1.0779261289382165,
		1.1573243032331813,
		1.20774352410173,
		1.225033407168296,
		1.20774352410173,
		1.1573243032331813,
		1.0779261289382165,
		0.9758352364103606,
		0.8586527458845222,
		0.014810963804522185,
		0.024737098367792695,
		0.040492845093510026,
		0.06496387599355029,
		0.10214795249646283,
		0.15741695363351482,
		0.23775926082218796,
		0.35195527670550864,
		0.5106244666059261,
		0.7260722861250298,
		1.0118641303064635,
		1.3820655509548823,
		1.8501169573466167,
		2.427357959974,
		3.1212788451120796,
		3.9336472533859745,
		4.858725417331754,
		5.8818426332059754,
		6.978603855872009,
		8.114986315335717,
		1.1944838572738061,
		1.5683623853888022,
		2.033348410378654,
		2.603013573824163,
		3.2903364965533024,
		4.106798986997465,
		5.061343670679198,
		6.159244695370126,
		7.400964798285399,
		8.781090812613352,
		10.287452624811468,
		11.900534768831468,
		13.593282931694748,
		15.331388362150259,
		17.074101669314654,
		18.7755855846592,
		20.0,
		20.0,
		20.0,
		20.0,
		20.0,
		20.0,
		20.0,
		20.0,
		20.0,
		20.0,
		20.0,
		20.0,
		20.0,
		18.7755855846592,
		17.074101669314654,
		15.331388362150259,
		13.593282931694748,
		11.900534768831468,
		10.287452624811468,
		8.781090812613352,
		7.400964798285399,
		6.159244695370126,
		5.061343670679198,
		4.106798986997465,
		3.2903364965533024,
		2.603013573824163,
		2.033348410378654,
		1.5683623853888022,
		3.33187037841105,
		4.688265187716287,
		6.4038108489841035,
		8.491161019489333,
		10.92944004915903,
		13.656235655239652,
		16.564042927541525,
		19.503113441613152,
		20.0,
		20.0,
		20.0,
		20.0,
		20.0,
		20.0,
		20.0,
		20.0,
		20.0,
		19.503113441613152
	],
	[
		0.23890664754474208,
		0.3312929344775556,
		0.4465290146662817,
		0.5849796581933159,
		0.7448784594266339,
		0.9218996220352504,
		1.1090099148744001,
		1.2967038231944892,
		1.4736682412372883,
		1.6278419177190877,
		1.7477459378906934,
		1.8238870750105507,
		1.8499975807795688,
		1.8238870750105507,
		1.7477459378906934,
		1.6278419177190877,
		1.4736682412372883,
		1.2967038231944892,
		0.01757269882262757,
		0.02934971586590525,
		0.048043367109053575,
		0.07707740308140015,
		0.1211950301316882,
		0.18676979785290387,
		0.28209318028602476,
		0.4175828229822603,
		0.6058383560691084,
		0.8614597791155318,
		1.200541966476644,
		1.639773211291194,
		2.1951000966028658,
		2.8799766799988387,
		3.703289928360126,
		4.667137086453632,
		5.764710490653366,
		6.978603855872009,
		8.279873300630387,
		9.62815197925192,
		1.114105088610252,
		1.462824720239018,
		1.8965210765515987,
		2.427852541212114,
		3.06892438246637,
		3.830445779113199,
		4.720757592805556,
		5.744779065301846,
		6.902941795474632,
		8.190196877343602,
		9.595193144173342,
		11.099728357483526,
		12.678568733180072,
		14.299714211890143,
		15.925157495763338,
		17.51214578089621,
		19.014908560649527,
		20.0,
		20.0,
		20.0,
		20.0,
		20.0,
		20.0,
		20.0,
		20.0,
		20.0,
		20.0,
		20.0,
		19.014908560649527,
		17.51214578089621,
		15.925157495763338,
		14.299714211890143,
		12.678568733180072,
		11.099728357483526,
		9.595193144173342,
		8.190196877343602,
		6.902941795474632,
		5.744779065301846,
		4.720757592805556,
		3.830445779113199,
		3.06892438246637,
		2.427852541212114,
		1.8965210765515987,
		1.462824720239018,
		3.093454510342158,
		4.352790908251791,
		5.94557870033802,
		7.8835660966821255,
		10.147371228681736,
		12.679047797214388,
		15.378783531231061,
		18.10754542931678,
		20.0,
		20.0,
		20.0,
		20.0,
		20.0,
		20.0,
		20.0,
		20.0,
		20.0,
		18.10754542931678
	],
	[
		0.3506751834036721,
		0.4862828713734314,
		0.655430251616728,
		0.8586527458845222,
		1.0933575647950966,
		1.3531951595295926,
		1.6278419177190877,
		1.9033453262693771,
		2.1630996294285683,
		2.3894009183709284,
		2.565400057351107,
		2.677162570024888,
		2.7154884453967676,
		2.677162570024888,
		2.565400057351107,
		2.3894009183709284,
		2.1630996294285683,
		1.9033453262693771,
		0.020434203375672193,
		0.03412896727336185,
		0.055866656810526695,
		0.08962853948227448,
		0.14093019625663464,
		0.21718303331103003,
		0.32802869240735516,
		0.48558120850619163,
		0.704491911325432,
		1.0017382363454337,
		1.3960359163741125,
		1.906790734178936,
		2.5525459837838183,
		3.3489465556941624,
		4.306326553423179,
		5.427124733050852,
		6.7034248840707225,
		8.114986315335717,
		9.62815197925192,
		11.195981770459563,
		1.0260565105927897,
		1.3472165627836887,
		1.7466375640556497,
		2.2359774963216297,
		2.8263849392112,
		3.527722716924679,
		4.347672506433532,
		5.290764778054242,
		6.357397021070075,
		7.542919348405361,
		8.836877684721278,
		10.222508328378693,
		11.676571740557332,
		13.16959685107313,
		14.666580107919973,
		16.12814749401483,
		17.51214578089621,
		18.7755855846592,
		19.87681829499364,
		20.0,
		20.0,
		20.0,
		20.0,
		20.0,
		20.0,
		20.0,
		19.87681829499364,
		18.7755855846592,
		17.51214578089621,
		16.12814749401483,
		14.666580107919973,
		13.16959685107313,
		11.676571740557332,
		10.222508328378693,
		8.836877684721278,
		7.542919348405361,
		6.357397021070075,
		5.290764778054242,
		4.347672506433532,
		3.527722716924679,
		2.8263849392112,
		2.2359774963216297,
		1.7466375640556497,
		1.3472165627836887,
		2.7880568515310413,
		3.9230667444633345,
		5.3586084348015675,
		7.105270304401954,
		9.145583936847949,
		11.427323713256472,
		13.860531211664403,
		16.31989930022674,
		18.653371032517505,
		20.0,
		20.0,
		20.0,
		20.0,
		20.0,
		20.0,
		20.0,
		18.653371032517505,
		16.31989930022674
	],
	[
		0.5003056436881667,
		0.6937761110313765,
		0.9350974047979074,
		1.225033407168296,
		1.5598850050545339,
		1.9305933449668642,
		2.3224298068720963,
		2.7154884453967676,
		3.0860779538457686,
		3.4089402988022943,
		3.6600369451671457,
		3.819487680462256,
		3.8741669182735268,
		3.819487680462256,
		3.6600369451671457,
		3.4089402988022943,
		3.0860779538457686,
		2.7154884453967676,
		0.02328847538717312,
		0.03889613897459698,
		0.06367017290454073,
		0.10214795249646283,
		0.16061548113686366,
		0.24751939837288334,
		0.37384810109652644,
		0.5534077260008785,
		0.8028961166598535,
		1.1416621354221705,
		1.59103574924749,
		2.173133361992642,
		2.909088415394201,
		3.816731095477614,
		4.90783898470555,
		6.1851914872906395,
		7.639766647732577,
		9.248496532873812,
		10.973022841679263,
		12.759848823223791,
		0.9330730645566447,
		1.225128902629156,
		1.588353514390351,
		2.033348410378654,
		2.5702518619787535,
		3.2080329030662402,
		3.953677080537118,
		4.811304303751588,
		5.781276040659844,
		6.859363786945847,
		8.036060838044305,
		9.29612265498465,
		10.618415715897418,
		11.976139682313416,
		13.337463099333682,
		14.666580107919973,
		15.925157495763338,
		17.074101669314654,
		18.07553830483499,
		18.894868167440176,
		19.502744986165464,
		19.87681829499364,
		20.0,
		19.87681829499364,
		19.502744986165464,
		18.894868167440176,
		18.07553830483499,
		17.074101669314654,
		15.925157495763338,
		14.666580107919973,
		13.337463099333682,
		11.976139682313416,
		10.618415715897418,
		9.29612265498465,
		8.036060838044305,
		6.859363786945847,
		5.781276040659844,
		4.811304303751588,
		3.953677080537118,
		3.2080329030662402,
		2.5702518619787535,
		2.033348410378654,
		1.588353514390351,
		1.225128902629156,
		2.439280652326837,
		3.4323047617559297,
		4.688265187716287,
		6.216425742381292,
		8.001503247372332,
		9.99780532678705,
		12.126627043856317,
		14.278336752388906,
		16.31989930022674,
		18.10754542931678,
		19.503113441613152,
		20.0,
		20.0,
		20.0,
		19.503113441613152,
		18.10754542931678,
		16.31989930022674,
		14.278336752388906
	],
	[
		0.6937761110313765,
		0.9620624878215932,
		1.2967038231944892,
		1.698759396043246,
		2.1630996294285683,
		2.677162570024888,
		3.2205239734599953,
		3.765580174770609,
		4.279478331236396,
		4.72719301306801,
		5.075389874338293,
		5.296500934007018,
		5.372324881710692,
		5.296500934007018,
		5.075389874338293,
		4.72719301306801,
		4.279478331236396,
		3.765580174770609,
		0.02601288402055494,
		0.04344641438189036,
		0.07111864541578054,
		0.11409775852871677,
		0.17940512692471366,
		0.2764755225779044,
		0.4175828229822603,
		0.6181482794905849,
		0.8968231374532214,
		1.2752197911484198,
		1.7771634995276309,
		2.427357959974,
		3.2494089156591635,
		4.263232421774967,
		5.481983864474886,
		6.908767797330049,
		8.53350682891975,
