[
	[
		0.0,
		0.0,
		0.0,
		0.0,
		0.0,
		0.0,
		0.0,
		0.0,
		0.0,
		0.0,
		0.0,
		0.0,
		0.0,
		0.0,
		0.0,
		0.0,
		0.0,
		0.0,
		0.0,
		0.0,
		0.0,
		0.0,
		0.0,
		0.0,
		0.0,
		0.0,
		0.0,
		0.0,
		0.0,
		0.0,
		0.0,
		0.0,
		0.0,
		0.0,
		0.0,
		0.0,
		0.0,
		0.0,
		0.0,
		0.0,
		0.0,
		0.43606762692734463,
		0.614812215125873,
		0.8524200059666425,
		1.1622171656833487,
		1.5582726297968112,
		2.054575499505048,
		2.663932845194235,
		3.39661986713365,
		4.258857645177479,
		5.251239272479658,
		6.367266041560331,
		7.592183398199277,
		8.902313619358207,
		10.265062425111388,
		11.639727282030051,
		12.979158033365866,
		14.232223040444882,
		15.346928411171376,
		16.273939557744423,
		16.970179474494802,
		17.402140768855112,
		17.548557569023778,
		17.402140768855112,
		16.970179474494802,
		16.273939557744423,
		15.346928411171376,
		14.232223040444882,
		12.979158033365866,
		11.639727282030051,
		10.265062425111388,
		8.902313619358207,
		7.592183398199277,
		6.367266041560331,
		5.251239272479658,
		4.258857645177479,
		3.39661986713365,
		2.663932845194235,
		2.054575499505048,
		1.5582726297968112,
		1.1622171656833487,
		0.8524200059666425,
		0.614812215125873,
		0.0,
		0.0,
		0.0,
		0.0,
		0.0,
		0.0,
		0.0,
		0.0,
		0.0,
		0.0,
		0.0,
		0.0,
		0.0,
		0.0,
		0.0,
		0.0,
		0.0
	],
	[
		0.0,
		0.0,
		0.0,
		0.0,
		0.0,
		0.0,
		0.0,
		0.0,
		0.0,
		0.0,
		0.0,
		0.0,
		0.0,
		0.0,
		0.0,
		0.0,
		0.0,
		0.0,
		0.0,
		0.0,
		0.0,
		0.0,
		0.0,
		0.0,
		0.0,
		0.0,
		0.0,
		0.0,
		0.0,
		0.0,
		0.0,
		0.0,
		0.0,
		0.0,
		0.0,
		0.0,
		0.0,
		0.0,
		0.0,
		0.0,
		0.0,
		0.49446443126732764,
		0.697145932227324,
		0.9665734106912148,
		1.3178576311386943,
		1.766951596662096,
		2.3297177848696733,
		3.0206783487112405,
		3.8514845109411815,
		4.829190458850681,
		5.954468710762454,
		7.219950272741674,
		8.608904707097953,
		10.094483444634971,
		11.639727282030051,
		13.198482930664158,
		14.717286033173718,
		16.13815756273936,
		17.402140768855112,
		18.453294330972405,
		19.24277250638153,
		19.73258069794663,
		19.898605175235893,
		19.73258069794663,
		19.24277250638153,
		18.453294330972405,
		17.402140768855112,
		16.13815756273936,
		14.717286033173718,
		13.198482930664158,
		11.639727282030051,
		10.094483444634971,
		8.608904707097953,
		7.219950272741674,
		5.954468710762454,
		4.829190458850681,
		3.8514845109411815,
		3.0206783487112405,
		2.3297177848696733,
		1.766951596662096,
		1.3178576311386943,
		0.9665734106912148,
		0.697145932227324,
		0.0,
		0.0,
		0.0,
		0.0,
		0.0,
		0.0,
		0.0,
		0.0,
		0.0,
		0.0,
		0.0,
		0.0,
		0.0,
		0.0,
		0.0,
		0.0,
		0.0
	],
	[
		0.0,
		0.0,
		0.0,
		0.0,
		0.0,
		0.0,
		0.0,
		0.0,
		0.0,
		0.0,
		0.0,
		0.0,
		0.0,
		0.0,
		0.0,
		0.0,
		0.0,
		0.0,
		0.0,
		0.0,
		0.0,
		0.0,
		0.0,
		0.0,
		0.0,
		0.0,
		0.0,
		0.0,
		0.0,
		0.0,
		0.0,
		0.0,
		0.0,
		0.0,
		0.0,
		0.0,
		0.0,
		0.0,
		0.0,
		0.0,
		0.0,
		0.5513644641146369,
		0.7773693495951485,
		1.0778009436336842,
		1.469508867826593,
		1.9702819022049907,
		2.5978078841803294,
		3.3682800898967495,
		4.294690495690719,
		5.3849050428708995,
		6.639673639178193,
		8.05077931057966,
		9.59956637988549,
		11.256096703862141,
		12.979158033365866,
		14.717286033173718,
		16.410863984907298,
		17.995240979359217,
		19.404675872994932,
		20.0,
		20.0,
		20.0,
		20.0,
		20.0,
		20.0,
		20.0,
		19.404675872994932,
		17.995240979359217,
		16.410863984907298,
		14.717286033173718,
		12.979158033365866,
		11.256096703862141,
		9.59956637988549,
		8.05077931057966,
		6.639673639178193,
		5.3849050428708995,
		4.294690495690719,
		3.3682800898967495,
		2.5978078841803294,
		1.9702819022049907,
		1.469508867826593,
		1.0778009436336842,
		0.7773693495951485,
		0.0,
		0.0,
		0.0,
		0.0,
		0.0,
		0.0,
		0.0,
		0.0,
		0.0,
		0.0,
		0.0,
		0.0,
		0.0,
		0.0,
		0.0,
		0.0,
		0.0
	],
	[
		0.0,
		0.0,
		0.0,
		0.0,
		0.0,
		0.0,
		0.0,
		0.0,
		0.0,
		0.0,
		0.0,
		0.0,
		0.0,
		0.0,
		0.0,
		0.0,
		0.0,
		0.0,
		0.0,
		0.0,
		0.0,
		0.0,
		0.0,
		0.0,
		0.0,
		0.0,
		0.0,
		0.0,
		0.0,
		0.0,
		0.0,
		0.0,
		0.0,
		0.0,
		0.0,
		0.0,
		0.0,
		0.0,
		0.0,
		0.0,
		0.0,
		0.6045956147295554,
		0.8524200059666425,
		1.1818565875816358,
		1.6113817177550787,
		2.160501583588583,
		2.8486116841195916,
		3.6934686655994566,
		4.70931880690709,
		5.904787461924474,
		7.280696937784382,
		8.828036957637291,
		10.526350743158034,
		12.342809791078432,
		14.232223040444882,
		16.13815756273936,
		17.995240979359217,
		19.73258069794663,
		20.0,
		20.0,
		20.0,
		20.0,
		20.0,
		20.0,
		20.0,
		20.0,
		20.0,
		19.73258069794663,
		17.995240979359217,
		16.13815756273936,
		14.232223040444882,
		12.342809791078432,
		10.526350743158034,
		8.828036957637291,
		7.280696937784382,
		5.904787461924474,
		4.70931880690709,
		3.6934686655994566,
		2.8486116841195916,
		2.160501583588583,
		1.6113817177550787,
		1.1818565875816358,
		0.8524200059666425,
		0.0,
		0.0,
		0.0,
		0.0,
		0.0,
		0.0,
		0.0,
		0.0,
		0.0,
		0.0,
		0.0,
		0.0,
		0.0,
		0.0,
		0.0,
		0.0,
		0.0
	],
	[
		0.0,
		0.0,
		0.0,
		0.0,
		0.0,
		0.0,
		0.0,
		0.0,
		0.0,
		0.0,
		0.0,
		0.0,
		0.0,
		0.0,
		0.0,
		0.0,
		0.0,
		0.0,
		0.0,
		0.0,
		0.0,
		0.0,
		0.0,
		0.0,
		0.0,
		0.0,
		0.0,
		0.0,
		0.0,
		0.0,
		0.0,
		0.0,
		0.0,
		0.0,
		0.0,
		0.0,
		0.0,
		0.0,
		0.0,
		0.0,
		0.0,
		0.6519491431939078,
		0.9191837965610896,
		1.2744227230238578,
		1.737589398028752,
		2.3297177848696733,
		3.071722489394261,
		3.9827509053770203,
		5.078165117958053,
		6.367266041560331,
		7.850940388587307,
		9.519472173463045,
		11.350802388849942,
		13.309531316231018,
		15.346928411171376,
		17.402140768855112,
		19.404675872994932,
		20.0,
		20.0,
		20.0,
		20.0,
		20.0,
		20.0,
		20.0,
		20.0,
		20.0,
		20.0,
		20.0,
		19.404675872994932,
		17.402140768855112,
		15.346928411171376,
		13.309531316231018,
		11.350802388849942,
		9.519472173463045,
		7.850940388587307,
		6.367266041560331,
		5.078165117958053,
		3.9827509053770203,
		3.071722489394261,
		2.3297177848696733,
		1.737589398028752,
		1.2744227230238578,
		0.9191837965610896,
		0.0,
		0.0,
		0.0,
		0.0,
		0.0,
		0.0,
		0.0,
		0.0,
		0.0,
		0.0,
		0.0,
		0.0,
		0.0,
		0.0,
		0.0,
		0.0,
		0.0
	],
	[
		0.0,
		0.0,
		0.0,
		0.0,
		0.0,
		0.0,
		0.0,
		0.0,
		0.0,
		0.0,
		0.0,
		0.0,
		0.0,
		0.0,
		0.0,
		0.0,
		0.0,
		0.0,
		0.0,
		0.0,
		0.0,
		0.0,
		0.0,
		0.0,
		0.0,
		0.0,
		0.0,
		0.0,
		0.0,
		0.0,
		0.0,
		0.0,
		0.0,
		0.0,
		0.0,
		0.0,
		0.0,
		0.0,
		0.0,
		0.0,
		0.0,
		0.6913292788502109,
		0.9747058920796433,
		1.351402561466912,
		1.842546213945563,
		2.470441341863109,
		3.2572658704902975,
		4.223323766889872,
		5.3849050428708995,
		6.751872422432339,
		8.325166178681123,
		10.094483444634971,
		12.036432767457327,
		14.1134761549147,
		16.273939557744423,
		18.453294330972405,
		20.0,
		20.0,
		20.0,
		20.0,
		20.0,
		20.0,
		20.0,
		20.0,
		20.0,
		20.0,
		20.0,
		20.0,
		20.0,
		18.453294330972405,
		16.273939557744423,
		14.1134761549147,
		12.036432767457327,
		10.094483444634971,
		8.325166178681123,
		6.751872422432339,
		5.3849050428708995,
		4.223323766889872,
		3.2572658704902975,
		2.470441341863109,
		1.842546213945563,
		1.351402561466912,
		0.9747058920796433,
		0.0,
		0.0,
		0.0,
		0.0,
		0.0,
		0.0,
		0.0,
		0.0,
		0.0,
		0.0,
		0.0,
		0.0,
		0.0,
		0.0,
		0.0,
		0.0,
		0.0
	],
	[
		0.0,
		0.0,
		0.0,
		0.0,
		0.0,
		0.0,
		0.0,
		0.0,
		0.0,
		0.0,
		0.0,
		0.0,
		0.0,
		0.0,
		0.0,
		0.0,
		0.0,
		0.0,
		0.0,
		0.0,
		0.0,
		0.0,
		0.0,
		0.0,
		0.0,
		0.0,
		0.0,
		0.0,
		0.0,
		0.0,
		0.0,
		0.0,
		0.0,
		0.0,
		0.0,
		0.0,
		0.0,
		0.0,
		0.0,
		0.0,
		0.0,
		0.7209060778696416,
		1.0164062527544306,
		1.4092189496594203,
		1.9213749583964244,
		2.576133013390606,
		3.39661986713365,
		4.404008141280952,
		5.615284775169522,
		7.0407344448469695,
		8.681337650660055,
		10.526350743158034,
		12.551381524533056,
		14.717286033173718,
		16.970179474494802,
		19.24277250638153,
		20.0,
		20.0,
		20.0,
		20.0,
		20.0,
		20.0,
		20.0,
		20.0,
		20.0,
		20.0,
		20.0,
		20.0,
		20.0,
		19.24277250638153,
		16.970179474494802,
		14.717286033173718,
		12.551381524533056,
		10.526350743158034,
		8.681337650660055,
		7.0407344448469695,
		5.615284775169522,
		4.404008141280952,
		3.39661986713365,
		2.576133013390606,
		1.9213749583964244,
		1.4092189496594203,
		1.0164062527544306,
		0.0,
		0.0,
		0.0,
		0.0,
		0.0,
		0.0,
		0.0,
		0.0,
		0.0,
		0.0,
		0.0,
		0.0,
		0.0,
		0.0,
		0.0,
		0.0,
		0.0
	],
	[
		0.0,
		0.0,
		0.0,
		0.0,
		0.0,
		0.0,
		0.0,
		0.0,
		0.0,
		0.0,
		0.0,
		0.0,
		0.0,
		0.0,
		0.0,
		0.0,
		0.0,
		0.0,
		0.0,
		0.0,
		0.0,
		0.0,
		0.0,
		0.0,
		0.0,
		0.0,
		0.0,
		0.0,
		0.0,
		0.0,
		0.0,
		0.0,
		0.0,
		0.0,
		0.0,
		0.0,
		0.0,
		0.0,
		0.0,
		0.0,
		0.0,
		0.739256120836294,
		1.0422779980235706,
		1.4450894036193704,
		1.9702819022049907,
		2.6417062592470204,
		3.4830778987921893,
		4.51610837333449,
		5.758217010113145,
		7.219950272741674,
		8.902313619358207,
		10.794289930173644,
		12.87086612500507,
		15.09190186643083,
		17.402140768855112,
		19.73258069794663,
		20.0,
		20.0,
		20.0,
		20.0,
		20.0,
		20.0,
		20.0,
		20.0,
		20.0,
		20.0,
		20.0,
		20.0,
		20.0,
		19.73258069794663,
		17.402140768855112,
		15.09190186643083,
		12.87086612500507,
		10.794289930173644,
		8.902313619358207,
		7.219950272741674,
		5.758217010113145,
		4.51610837333449,
		3.4830778987921893,
		2.6417062592470204,
		1.9702819022049907,
		1.4450894036193704,
		1.0422779980235706,
		0.0,
		0.0,
		0.0,
		0.0,
		0.0,
		0.0,
		0.0,
		0.0,
		0.0,
		0.0,
		0.0,
		0.0,
		0.0,
		0.0,
		0.0,
		0.0,
		0.0
	],
	[
		0.0,
		0.0,
		0.0,
		0.0,
		0.0,
		0.0,
		0.0,
		0.0,
		0.0,
		0.0,
		0.0,
		0.0,
		0.0,
		0.0,
		0.0,
		0.0,
		0.0,
		0.0,
		0.0,
		0.0,
		0.0,
		0.0,
		0.0,
		0.0,
		0.0,
		0.0,
		0.0,
		0.0,
		0.0,
		0.0,
		0.0,
		0.0,
		0.0,
		0.0,
		0.0,
		0.0,
		0.0,
		0.0,
		0.0,
		0.0,
		0.0,
		0.7454760174085403,
		1.0510474368750211,
		1.45724798624699,
		1.9868593092828246,
		2.663932845194235,
		3.5123835530477905,
		4.554105660336212,
		5.806665055701104,
		7.280696937784382,
		8.977215224370916,
		10.885110100672291,
		12.979158033365866,
		15.218880955331034,
		17.548557569023778,
		19.898605175235893,
		20.0,
		20.0,
		20.0,
		20.0,
		20.0,
		20.0,
		20.0,
		20.0,
		20.0,
		20.0,
		20.0,
		20.0,
		20.0,
		19.898605175235893,
		17.548557569023778,
		15.218880955331034,
		12.979158033365866,
		10.885110100672291,
		8.977215224370916,
		7.280696937784382,
		5.806665055701104,
		4.554105660336212,
		3.5123835530477905,
		2.663932845194235,
		1.9868593092828246,
		1.45724798624699,
		1.0510474368750211,
		0.0,
		0.0,
		0.0,
		0.0,
		0.0,
		0.0,
		0.0,
		0.0,
		0.0,
		0.0,
		0.0,
		0.0,
		0.0,
		0.0,
		0.0,
		0.0,
		0.0
	],
	[
		0.0,
		0.0,
		0.0,
		0.0,
		0.0,
		0.0,
		0.0,
		0.0,
		0.0,
		0.0,
		0.0,
		0.0,
		0.0,
		0.0,
		0.0,
		0.0,
		0.0,
		0.0,
		0.0,
		0.0,
		0.0,
		0.0,
		0.0,
		0.0,
		0.0,
		0.0,
		0.0,
		0.0,
		0.0,
		0.0,
		0.0,
		0.0,
		0.0,
		0.0,
		0.0,
		0.0,
		0.0,
		0.0,
		0.0,
		0.0,
		0.0,
		0.739256120836294,
		1.0422779980235706,
		1.4450894036193704,
		1.9702819022049907,
		2.6417062592470204,
		3.4830778987921893,
		4.51610837333449,
		5.758217010113145,
		7.219950272741674,
		8.902313619358207,
		10.794289930173644,
		12.87086612500507,
		15.09190186643083,
		17.402140768855112,
		19.73258069794663,
		20.0,
		20.0,
		20.0,
		20.0,
		20.0,
		20.0,
		20.0,
		20.0,
		20.0,
		20.0,
		20.0,
		20.0,
		20.0,
		19.73258069794663,
		17.402140768855112,
		15.09190186643083,
		12.87086612500507,
		10.794289930173644,
		8.902313619358207,
		7.219950272741674,
		5.758217010113145,
		4.51610837333449,
		3.4830778987921893,
		2.6417062592470204,
		1.9702819022049907,
		1.4450894036193704,
		1.0422779980235706,
		0.0,
		0.0,
		0.0,
		0.0,
		0.0,
		0.0,
		0.0,
		0.0,
		0.0,
		0.0,
		0.0,
		0.0,
		0.0,
		0.0,
		0.0,
		0.0,
		0.0
	],
	[
		0.0,
		0.0,
		0.0,
		0.0,
		0.0,
		0.0,
		0.0,
		0.0,
		0.0,
		0.0,
		0.0,
		0.0,
		0.0,
		0.0,
		0.0,
		0.0,
		0.0,
		0.0,
		0.0,
		0.0,
		0.0,
		0.0,
		0.0,
		0.0,
		0.0,
		0.0,
		0.0,
		0.0,
		0.0,
		0.0,
		0.0,
		0.0,
		1.1272444823246004,
		1.4336119595167478,
		1.7997042391693214,
		2.230112084867435,
		2.727773273002485,
		3.2934105749817046,
		3.924998622909184,
		4.6173114401140065,
		5.3616055042425055,
		6.145490772716551,
		6.9530333536630735,
		7.7651183920519316,
		8.560081070292787,
		9.314589094393101,
		10.004734120783478,
		10.607265253270803,
		11.100878112854467,
		11.467460851811374,
		11.69319589448065,
		11.76942408121231,
		11.69319589448065,
		11.467460851811374,
		11.100878112854467,
		10.607265253270803,
		10.004734120783478,
		9.314589094393101,
		8.560081070292787,
		7.7651183920519316,
		6.9530333536630735,
		6.145490772716551,
		5.3616055042425055,
		4.6173114401140065,
		3.924998622909184,
		3.2934105749817046,
		2.727773273002485,
		2.230112084867435,
		1.7997042391693214,
		1.4336119595167478,
		16.970179474494802,
		14.717286033173718,
		12.551381524533056,
		10.526350743158034,
		8.681337650660055,
		7.0407344448469695,
		5.615284775169522,
		4.404008141280952,
		3.39661986713365,
		2.576133013390606,
		1.9213749583964244,
		1.4092189496594203,
		1.0164062527544306,
		0.0,
		0.0,
		0.0,
		0.0,
		0.0,
		0.0,
		0.0,
		0.0,
		0.0,
		0.0,
		0.0,
		0.0,
		0.0,
		0.0,
		0.0,
		0.0,
		0.0
	],
	[
		0.0,
		0.0,
		0.0,
		0.0,
		0.0,
		0.0,
		0.0,
		0.0,
		0.0,
		0.0,
		0.0,
		0.0,
		0.0,
		0.0,
		0.0,
		0.0,
		0.0,
		0.0,
		0.0,
		0.0,
		0.0,
		0.0,
		0.0,
		0.0,
		0.0,
		0.0,
		0.0,
		0.0,
		0.0,
		0.0,
		0.0,
		0.0,
		1.3089522548882562,
		1.6647050719418428,
		2.089810115667778,
		2.5895981642961763,
		3.167480553249102,
		3.8242965620955345,
		4.557694340889973,
		5.3616055042425055,
		6.225877105316885,
		7.136121871054688,
		8.073837423290898,
		9.016827660837269,
		9.939935475115075,
		10.816067489920533,
		11.617461422344737,
		12.317118415017022,
		12.890299899357899,
		13.315974462671115,
		13.578097185596238,
		13.666613082966332,
		13.578097185596238,
		13.315974462671115,
		12.890299899357899,
		12.317118415017022,
		11.617461422344737,
		10.816067489920533,
		9.939935475115075,
		9.016827660837269,
		8.073837423290898,
		7.136121871054688,
		6.225877105316885,
		5.3616055042425055,
		4.557694340889973,
		3.8242965620955345,
		3.167480553249102,
		2.5895981642961763,
		2.089810115667778,
		1.6647050719418428,
		16.273939557744423,
		14.1134761549147,
		12.036432767457327,
		10.094483444634971,
		8.325166178681123,
		6.751872422432339,
		5.3849050428708995,
		4.223323766889872,
		3.2572658704902975,
		2.470441341863109,
		1.842546213945563,
		1.351402561466912,
		0.9747058920796433,
		0.0,
		0.0,
		0.0,
		0.0,
		0.0,
		0.0,
		0.0,
		0.0,
		0.0,
		0.0,
		0.0,
		0.0,
		0.0,
		0.0,
		0.0,
		0.0,
		0.0
	],
	[
		0.0,
		0.0,
		0.0,
		0.0,
		0.0,
		0.0,
		0.0,
		0.0,
		0.0,
		0.0,
		0.0,
		0.0,
		0.0,
		0.0,
		0.0,
		0.0,
		0.0,
		0.0,
		0.0,
		0.0,
		0.0,
		0.0,
		0.0,
		0.0,
		0.0,
		0.0,
		0.0,
		0.0,
		0.0,
		0.0,
		0.0,
		0.0,
		1.5003256017208209,
		1.9080907110413006,
		2.3953475824365964,
		2.9682063723512,
		3.6305771652443886,
		4.3834219462608806,
		5.224045016858985,
		6.145490772716551,
		7.136121871054688,
		8.179447569733732,
		9.254260378908247,
		10.335119050628398,
		11.393188420032383,
		12.397413965609744,
		13.315974462671115,
		14.117923727519464,
		14.774906327287681,
		15.26281598400367,
		15.563261955603231,
		15.664719183311647,
		15.563261955603231,
		15.26281598400367,
		14.774906327287681,
		14.117923727519464,
		13.315974462671115,
		12.397413965609744,
		11.393188420032383,
		10.335119050628398,
		9.254260378908247,
		8.179447569733732,
		7.136121871054688,
		6.145490772716551,
		5.224045016858985,
		4.3834219462608806,
		3.6305771652443886,
		2.9682063723512,
		2.3953475824365964,
		1.9080907110413006,
		15.346928411171376,
		13.309531316231018,
		11.350802388849942,
		9.519472173463045,
		7.850940388587307,
		6.367266041560331,
		5.078165117958053,
		3.9827509053770203,
		3.071722489394261,
		2.3297177848696733,
		1.737589398028752,
		1.2744227230238578,
		0.9191837965610896,
		0.0,
		0.0,
		0.0,
		0.0,
		0.0,
		0.0,
		0.0,
		0.0,
		0.0,
		0.0,
		0.0,
		0.0,
		0.0,
		0.0,
		0.0,
		0.0,
		0.0
	],
	[
		0.0,
		0.0,
		0.0,
		0.0,
		0.0,
		0.0,
		0.0,
		0.0,
		0.0,
		0.0,
		0.0,
		0.0,
		0.0,
		0.0,
		0.0,
		0.0,
		0.0,
		0.0,
		0.0,
		0.0,
		0.0,
		0.0,
		0.0,
		0.0,
		0.0,
		0.0,
		0.0,
		0.0,
		0.0,
		0.0,
		0.0,
		0.0,
		1.697474511951502,
		2.158821621632719,
		2.7101060355080033,
		3.358240809527785,
		4.1076498292150445,
		4.959421488490509,
		5.910505863016976,
		6.9530333536630735,
		8.073837423290898,
		9.254260378908247,
		10.47030797990908,
		11.69319589448065,
		12.890299899357899,
		14.026484782101344,
		15.06574787916427,
		15.973076551951678,
		16.716389347936147,
		17.26841232578873,
		17.60833812484449,
		17.723127246546316,
		17.60833812484449,
		17.26841232578873,
		0.0008088825907870729,
		0.0011699309222478556,
		0.0016703645968062133,
		0.002354174539687922,
		0.0032752342406874913,
		0.004498030521017869,
		0.006097878341535233,
		0.008160399832973531,
		0.010780041835052974,
		0.014057425140013086,
		0.018095368757601787,
		0.022993517903709636,
		0.02884162529307358,
		0.035711686816364656,
		0.043649304035402625,
		0.05266482045800905,
		0.06272493466295963,
		0.07374560663030662,
		0.08558711998103663,
		0.09805212220922711,
		0.11088732537708036,
		0.12378931052839304,
		0.13641455321928125,
		0.14839340190217518,
		0.15934733423438785,
		0.1689084353693208,
		0.17673973551566016,
		0.1825548551408975,
		0.1861353669999541,
		0.18734440922385612,
		0.1861353669999541,
		0.1825548551408975,
		0.17673973551566016,
		0.1689084353693208,
		0.15934733423438785,
		0.14839340190217518,
		0.13641455321928125,
		0.12378931052839304,
		0.11088732537708036,
		0.09805212220922711,
		0.08558711998103663,
		0.07374560663030662,
		0.06272493466295963,
		0.05266482045800905,
		0.043649304035402625,
		0.035711686816364656
	],
	[
		0.0,
		0.0,
		0.0,
		0.0,
		0.0,
		0.0,
		0.0,
		0.0,
		0.0,
		0.0,
		0.0,
		0.0,
		0.0,
		0.0,
		0.0,
		0.0,
		0.0,
		0.0,
		0.0,
		0.0,
		0.0,
		0.0,
		0.0,
		0.0,
		0.0,
		0.0,
		0.0,
		0.0,
		0.0,
		0.0,
		0.0,
		0.0,
		1.8957323922299008,
		2.4109629030426074,
		3.0266350167365945,
		3.750469205108204,
		4.58740604489445,
		5.538661049846207,
		6.600828077297309,
		7.7651183920519316,
		9.016827660837269,
		10.335119050628398,
		11.69319589448065,
		13.058911971745694,
		14.395832687158931,
		15.664719183311647,
		16.825363837048663,
		17.838664680914995,
		18.668793283721957,
		19.285290222558025,
		19.66491792458684,
		19.793113932688076,
		19.66491792458684,
		19.285290222558025,
		0.0011548791616069203,
		0.0016703645968062133,
		0.002384856946000512,
		0.003361164091843865,
		0.0046762037124212725,
		0.00642204663094657,
		0.008706223507420001,
		0.011650981025950309,
		0.015391165316637034,
		0.02007043734771626,
		0.02583559658443472,
		0.03282891111946314,
		0.04117852506311856,
		0.05098723028507937,
		0.062320134248508005,
		0.0751920048588793,
		0.08955529613379502,
		0.10529002024203699,
		0.12219669763429171,
		0.13999355899177696,
		0.15831897338735865,
		0.17673973551566016,
		0.1947653796079003,
		0.2118681370185346,
		0.2275075738567231,
		0.2411584010453836,
		0.2523395111969771,
		0.26064202698100863,
		0.2657540896969182,
		0.26748029531166473,
		0.2657540896969182,
		0.26064202698100863,
		0.2523395111969771,
		0.2411584010453836,
		0.2275075738567231,
		0.2118681370185346,
		0.1947653796079003,
		0.17673973551566016,
		0.15831897338735865,
		0.13999355899177696,
		0.12219669763429171,
		0.10529002024203699,
		0.08955529613379502,
		0.0751920048588793,
		0.062320134248508005,
		0.05098723028507937
	],
	[
		0.0,
		0.0,
		0.0,
		0.0,
		0.0,
		0.0,
		0.0,
		0.0,
		0.0,
		0.0,
		0.0,
		0.0,
		0.0,
		0.0,
		0.0,
		0.0,
		0.0,
		0.0,
		0.0,
		0.0,
		0.0,
		0.0,
		0.0,
		0.0,
		0.0,
		0.0,
		0.0,
		0.0,
		0.0,
		0.0,
		0.0,
		0.0,
		2.089810115667778,
		2.657787926149002,
		3.3364901609189728,
		4.134427683707114,
		5.057046868318382,
		6.105687668083069,
		7.276595232670851,
		8.560081070292787,
		9.939935475115075,
		11.393188420032383,
		12.890299899357899,
		14.395832687158931,
		15.86962215573998,
		17.26841232578873,
		18.54787927376985,
		19.66491792458684,
		20.0,
		20.0,
		20.0,
		20.0,
		20.0,
		20.0,
		0.0016276608854555144,
		0.002354174539687922,
		0.003361164091843865,
		0.004737149568340678,
		0.006590537026003228,
		0.009051089025815237,
		0.012270356877288677,
		0.01642063232549545,
		0.021691964493161676,
		0.028286825938922105,
		0.03641211254897104,
		0.0462683337942441,
		0.058036093120537584,
		0.07186026309216872,
		0.0878326047129407,
		0.10597393153885223,
		0.12621723332469054,
		0.14839340190217518,
		0.17222129525172586,
		0.1973037939913757,
		0.2231312235727954,
		0.24909303411823644,
		0.27449797413227034,
		0.29860221827846334,
		0.3206440911066574,
		0.3398832619288061,
		0.35564166874289743,
		0.36734304897539044,
		0.3745478759419658,
		0.3769807515646128,
		0.3745478759419658,
		0.36734304897539044,
		0.35564166874289743,
		0.3398832619288061,
		0.3206440911066574,
		0.29860221827846334,
		0.27449797413227034,
		0.24909303411823644,
		0.2231312235727954,
		0.1973037939913757,
		0.17222129525172586,
		0.14839340190217518,
		0.12621723332469054,
		0.10597393153885223,
		0.0878326047129407,
		0.07186026309216872
	],
	[
		0.0,
		0.0,
		0.0,
		0.0,
		0.0,
		0.0,
		0.0,
		0.0,
		0.0,
		0.0,
		0.0,
		0.0,
		0.0,
		0.0,
		0.0,
		0.0,
		0.0,
		0.0,
		0.0,
		0.0,
		0.0,
		0.0,
		0.0,
		0.0,
		0.0,
		0.0,
		0.0,
		0.0,
		0.0,
		0.0,
		0.0,
		0.0,
		2.2740114670532745,
		2.8920523332462302,
		3.6305771652443886,
		4.498846996655606,
		5.502788258974053,
		6.643859012535236,
		7.917973444640576,
		9.314589094393101,
		10.816067489920533,
		12.397413965609744,
		14.026484782101344,
		15.664719183311647,
		17.26841232578873,
		18.790495534614546,
		20.0,
		20.0,
		20.0,
		20.0,
		20.0,
		20.0,
		20.0,
		20.0,
		0.002264475540958962,
		0.0032752342406874913,
		0.0046762037124212725,
		0.006590537026003228,
		0.009169053597421855,
		0.012592284978492123,
		0.01707107621479868,
		0.022845127385215894,
		0.03017884343664616,
		0.03935391336268817,
		0.050658180090574684,
		0.06437060147738875,
		0.08074244121649127,
		0.09997525258067003,
		0.12219669763429171,
		0.14743573313911212,
		0.17559913140708291,
		0.206451621495547,
		0.23960206589388083,
		0.27449797413227034,
		0.31043026389580863,
		0.3465495105426363,
		0.38189401368538334,
		0.41542892982799384,
		0.4460945815877612,
		0.4728609873817386,
		0.49478479664315267,
		0.5110642867806359,
		0.5210879683647063,
		0.5244726951163956,
		0.5210879683647063,
		0.5110642867806359,
		0.49478479664315267,
		0.4728609873817386,
		0.4460945815877612,
		0.41542892982799384,
		0.38189401368538334,
		0.3465495105426363,
		0.31043026389580863,
		0.27449797413227034,
		0.23960206589388083,
		0.206451621495547,
		0.17559913140708291,
		0.14743573313911212,
		0.12219669763429171,
		0.09997525258067003
	],
	[
		0.0,
		0.0,
		0.0,
		0.0,
		0.0,
		0.0,
		0.0,
		0.0,
		0.0,
		0.0,
		0.0,
		0.0,
		0.0,
		0.0,
		0.0,
		0.0,
		0.0,
		0.0,
		0.0,
		0.0,
		0.0,
		0.0,
		0.0,
		0.0,
		0.0,
		0.0,
		0.0,
		0.0,
		0.0,
		0.0,
		0.0,
		0.0,
		2.442499597666164,
		3.1063329111250795,
		3.8995771982171963,
		4.832179669494832,
		5.910505863016976,
		7.136121871054688,
		8.504639151150283,
		10.004734120783478,
		11.617461422344737,
		13.315974462671115,
		15.06574787916427,
		16.825363837048663,
		18.54787927376985,
		20.0,
		20.0,
		20.0,
		20.0,
		20.0,
		20.0,
		20.0,
		20.0,
		20.0,
		0.0031099088946975055,
		0.004498030521017869,
		0.00642204663094657,
		0.009051089025815237,
		0.012592284978492123,
		0.01729356681088043,
		0.023444497766568505,
		0.03137426903966191,
		0.04144600016106343,
		0.05404654764164521,
		0.0695712194736933,
		0.08840312137210564,
		0.11088732537708036,
		0.13730063391128045,
		0.16781837118656343,
		0.20248030486184967,
		0.2411584010453836,
		0.2835295512804831,
		0.3290565883505746,
		0.3769807515646128,
		0.42632822541507154,
		0.47593245579204163,
		0.5244726951163956,
		0.5705277449981324,
		0.6126423015232214,
		0.649401843391588,
		0.6795108236806173,
		0.7018681997105037,
		0.7156341847927336,
		0.720282586438415,
		0.7156341847927336,
		0.7018681997105037,
		0.6795108236806173,
		0.649401843391588,
		0.6126423015232214,
		0.5705277449981324,
		0.5244726951163956,
		0.47593245579204163,
		0.42632822541507154,
		0.3769807515646128,
		0.3290565883505746,
		0.2835295512804831,
		0.2411584010453836,
		0.20248030486184967,
		0.16781837118656343,
		0.13730063391128045
	],
	[
		0.0,
		0.0,
		0.0,
		0.0,
		0.0,
		0.0,
		0.0,
		0.0,
		0.0,
		0.0,
		0.0,
		0.0,
		0.0,
		0.0,
		0.0,
		0.0,
		0.0,
		0.0,
		0.0,
		0.0,
		0.0,
		0.0,
		0.0,
		0.0,
		0.0,
		0.0,
		0.0,
		0.0,
		0.0,
		0.0,
		0.0,
		0.0,
		2.5895981642961763,
		3.2934105749817046,
		4.134427683707114,
		5.123195767823184,
		6.26646372738626,
		7.565891971951425,
		9.016827660837269,
		10.607265253270803,
		12.317118415017022,
		14.117923727519464,
		15.973076551951678,
		17.838664680914995,
		19.66491792458684,
		20.0,
		20.0,
		20.0,
		20.0,
		20.0,
		20.0,
		20.0,
		20.0,
		20.0,
		0.00421603321820776,
		0.006097878341535233,
		0.008706223507420001,
		0.012270356877288677,
		0.01707107621479868,
		0.023444497766568505,
		0.03178317587906857,
		0.04253338761586717,
		0.05618740592009663,
		0.07326968342228185,
		0.09431613023533411,
		0.11984611412042762,
		0.15032744144534088,
		0.1861353669999541,
		0.2275075738567231,
		0.27449797413227034,
		0.32693299517254915,
		0.38437460614367286,
		0.4460945815877612,
		0.5110642867806359,
		0.5779635420427134,
		0.6452108763262078,
		0.7110157819812131,
		0.7734515724632698,
		0.8305453251396272,
		0.8803794054457666,
		0.9211974696923907,
		0.9515068591972339,
		0.9701690941221831,
		0.9764708271996952,
		0.9701690941221831,
		0.9515068591972339,
		0.9211974696923907,
		0.8803794054457666,
		0.8305453251396272,
		0.7734515724632698,
		0.7110157819812131,
		0.6452108763262078,
		0.5779635420427134,
		0.5110642867806359,
		0.4460945815877612,
		0.38437460614367286,
		0.32693299517254915,
		0.27449797413227034,
		0.2275075738567231,
		0.1861353669999541
	],
	[
		0.0,
		0.0,
		0.0,
		0.0,
		0.0,
		0.0,
		0.0,
		0.0,
		0.0,
		0.0,
		0.0,
		0.0,
		0.0,
		0.0,
		0.0,
		0.0,
		0.0,
		0.0,
		0.0,
		0.0,
		0.0,
		0.0,
		0.0,
		0.0,
		0.0,
		0.0,
		0.0,
		0.0,
		0.0,
		0.0,
		0.0,
		0.0,
		2.7101060355080033,
		3.446670606939376,
		4.326824745811999,
		5.3616055042425055,
		6.558075844750687,
		7.917973444640576,
		9.436428941635496,
		11.100878112854467,
		12.890299899357899,
		14.774906327287681,
		16.716389347936147,
		18.668793283721957,
		20.0,
		20.0,
		20.0,
		20.0,
		20.0,
		20.0,
		20.0,
		20.0,
		20.0,
		20.0,
		0.005642047092892904,
		0.008160399832973531,
		0.011650981025950309,
		0.01642063232549545,
		0.022845127385215894,
		0.03137426903966191,
		0.04253338761586717,
		0.056919707110610465,
		0.0751920048588793,
		0.09805212220922711,
		0.12621723332469054,
		0.16038237479900902,
		0.2011735819171898,
		0.24909303411823644,
		0.3044588074273056,
		0.36734304897539044,
		0.4375134776020997,
		0.51438390471142,
		0.5969797928376933,
		0.6839245860443733,
		0.7734515724632698,
		0.8634443707316566,
		0.9515068591972339,
		1.0350606767194566,
		1.11146558736362,
		1.178155343673882,
		1.2327795434372038,
		1.2733406571885453,
		1.2983151303142464,
		1.3067483358773846,
		1.2983151303142464,
		1.2733406571885453,
		1.2327795434372038,
		1.178155343673882,
		1.11146558736362,
		1.0350606767194566,
		0.9515068591972339,
		0.8634443707316566,
		0.7734515724632698,
		0.6839245860443733,
		0.5969797928376933,
		0.51438390471142,
		0.4375134776020997,
		0.36734304897539044,
		0.3044588074273056,
		0.24909303411823644
	],
	[
		0.0,
		0.0,
		0.0,
		0.0,
		0.0,
		0.0,
		0.0,
		0.0,
		0.0,
		0.0,
		0.0,
		0.0,
		0.0,
		0.0,
		0.0,
		0.0,
		0.0,
		0.0,
		0.0,
		0.0,
		0.0,
		0.0,
		0.0,
		0.0,
		0.0,
		0.0,
		0.0,
		0.0,
		0.0,
		0.0,
		0.0,
		0.0,
		2.7996014865218966,
		3.5604895263554015,
		4.469708871750612,
		5.538661049846207,
		6.774642262381379,
		8.179447569733732,
		9.748046809359968,
		11.467460851811374,
		13.315974462671115,
		15.26281598400367,
		17.26841232578873,
		19.285290222558025,
		20.0,
		20.0,
		20.0,
		20.0,
		20.0,
		20.0,
		20.0,
		20.0,
		20.0,
		20.0,
		0.0074532504462544264,
		0.010780041835052974,
		0.015391165316637034,
		0.021691964493161676,
		0.03017884343664616,
		0.04144600016106343,
		0.05618740592009663,
		0.0751920048588793,
		0.09933005424133304,
		0.12952869970417102,
		0.16673534182074676,
		0.2118681370185346,
		0.2657540896969182,
		0.3290565883505746,
		0.40219581739792676,
		0.48526708455750567,
		0.5779635420427134,
		0.6795108236806173,
		0.7886215471290949,
		0.9034772560762038,
		1.0217440908778823,
		1.14062627190371,
		1.2569584773333888,
		1.3673346435511828,
		1.4682669691732024,
		1.5563653929893,
		1.6285249894193117,
		1.6821069844275731,
		1.7150987336817707,
		1.7262391570231488,
		1.7150987336817707,
		1.6821069844275731,
		1.6285249894193117,
		1.5563653929893,
		1.4682669691732024,
		1.3673346435511828,
		1.2569584773333888,
		1.14062627190371,
		1.0217440908778823,
		0.9034772560762038,
		0.7886215471290949,
		0.6795108236806173,
		0.5779635420427134,
		0.48526708455750567,
		0.40219581739792676,
		0.3290565883505746
	],
	[
		0.0,
		0.0,
		0.0,
		0.0,
		0.0,
		0.0,
		0.0,
		0.0,
		0.0,
		0.0,
		0.0,
		0.0,
		0.0,
		0.0,
		0.0,
		0.0,
		0.0,
		0.0,
		0.0,
		0.0,
		0.0,
		0.0,
		0.0,
		0.0,
		0.0,
		0.0,
		0.0,
		0.0,
		0.0,
		0.0,
		0.0,
		0.0,
		2.854711172021034,
		3.6305771652443886,
		4.557694340889973,
		5.647688663245055,
		6.907999958555784,
		8.340458622662098,
		9.939935475115075,
		11.69319589448065,
		13.578097185596238,
		15.563261955603231,
		17.60833812484449,
		19.66491792458684,
		20.0,
		20.0,
		20.0,
		20.0,
		20.0,
		20.0,
		20.0,
		20.0,
		20.0,
		20.0,
		0.009719211836201168,
		0.014057425140013086,
		0.02007043734771626,
		0.028286825938922105,
		0.03935391336268817,
		0.05404654764164521,
		0.07326968342228185,
		0.09805212220922711,
		0.12952869970417102,
		0.1689084353693208,
		0.2174267615750976,
		0.276280975645903,
		0.3465495105426363,
		0.4290974402831313,
		0.5244726951163956,
		0.632799558522865,
		0.7536778938559955,
		0.8860979096257807,
		1.0283808293322891,
		1.178155343673882,
		1.3323780454230465,
		1.4874031729525112,
		1.6391030730292258,
		1.7830361595227302,
		1.9146542583528627,
		2.0295366508980353,
		2.12363444202627,
		2.1935066090555257,
		2.2365286169916097,
		2.251055987993107,
		2.2365286169916097,
		2.1935066090555257,
		2.12363444202627,
		2.0295366508980353,
		1.9146542583528627,
		1.7830361595227302,
		1.6391030730292258,
		1.4874031729525112,
		1.3323780454230465,
		1.178155343673882,
		1.0283808293322891,
		0.8860979096257807,
		0.7536778938559955,
		0.632799558522865,
		0.5244726951163956,
		0.4290974402831313
	],
	[
		0.0,
		0.0,
		0.0,
		0.0,
		0.0,
		0.0,
		0.0,
		0.0,
		0.0,
		0.0,
		0.0,
		0.0,
		0.0,
		0.0,
		0.0,
		0.0,
		0.0,
		0.0,
		0.0,
		0.0,
		0.0,
		0.0,
		0.0,
		0.0,
		0.0,
		0.0,
		0.0,
		0.0,
		0.0,
		0.0,
		0.0,
		0.0,
		2.8733210934017652,
		3.6542449731382582,
		4.58740604489445,
		5.684506062860101,
		6.9530333536630735,
		8.394830245531773,
		10.004734120783478,
		11.76942408121231,
		13.666613082966332,
		15.664719183311647,
		17.723127246546316,
		19.793113932688076,
		20.0,
		20.0,
		20.0,
		20.0,
		20.0,
		20.0,
		20.0,
		20.0,
		20.0,
		20.0,
		0.012511019653855655,
		0.018095368757601787,
		0.02583559658443472,
		0.03641211254897104,
		0.050658180090574684,
		0.0695712194736933,
		0.09431613023533411,
		0.12621723332469054,
		0.16673534182074676,
		0.2174267615750976,
		0.2798817983581943,
		0.35564166874289743,
		0.4460945815877612,
		0.5523541002373817,
		0.6751255458875307,
		0.8145689019908375,
		0.9701690941221831,
		1.14062627190371,
		1.3237794364664714,
		1.516576128642156,
		1.7150987336817707,
		1.9146542583528627,
		2.1099293962275745,
		2.2952067319116347,
		2.4646316450649355,
		2.612513581917172,
		2.7336406171161367,
		2.82358330688286,
		2.8789632282085664,
		2.8976635330462073,
		2.8789632282085664,
		2.82358330688286,
		2.7336406171161367,
		2.612513581917172,
		2.4646316450649355,
		2.2952067319116347,
		2.1099293962275745,
		1.9146542583528627,
		1.7150987336817707,
		1.516576128642156,
		1.3237794364664714,
		1.14062627190371,
		0.9701690941221831,
		0.8145689019908375,
		0.6751255458875307,
		0.5523541002373817
	],
	[
		0.0,
		0.0,
		0.0,
		0.0,
		0.0,
		0.0,
		0.0,
		0.0,
		0.0,
		0.0,
		0.0,
		0.0,
		0.0,
		0.0,
		0.0,
		0.0,
		0.0,
		0.0,
		0.0,
		0.0,
		0.0,
		0.0,
		0.0,
		0.0,
		0.0,
		0.0,
		0.0,
		0.0,
		0.0,
		0.0,
		0.0,
		0.0,
		2.854711172021034,
		3.6305771652443886,
		4.557694340889973,
		5.647688663245055,
		6.907999958555784,
		8.340458622662098,
		9.939935475115075,
		11.69319589448065,
		13.578097185596238,
		15.563261955603231,
		17.60833812484449,
		19.66491792458684,
		20.0,
		20.0,
		20.0,
		20.0,
		20.0,
		20.0,
		20.0,
		20.0,
		20.0,
		20.0,
		0.01589756795001722,
		0.022993517903709636,
		0.03282891111946314,
		0.0462683337942441,
		0.06437060147738875,
		0.08840312137210564,
		0.11984611412042762,
		0.16038237479900902,
		0.2118681370185346,
		0.276280975645903,
		0.35564166874289743,
		0.4519086174527209,
		0.5668457982751527,
		0.7018681997105037,
		0.8578720629882337,
		1.0350606767194566,
		1.2327795434372038,
		1.4493769624585113,
		1.6821069844275731,
		1.9270908945485137,
		2.179350637603036,
		2.4329228963823066,
		2.6810561308589618,
		2.916485305708653,
		3.1317710413081725,
		3.3196824350021363,
		3.473596770199126,
		3.587885618089565,
		3.658256066438329,
		3.6820182676871154,
		3.658256066438329,
		3.587885618089565,
		3.473596770199126,
		3.3196824350021363,
		3.1317710413081725,
		2.916485305708653,
		2.6810561308589618,
		2.4329228963823066,
		2.179350637603036,
		1.9270908945485137,
		1.6821069844275731,
		1.4493769624585113,
		1.2327795434372038,
		1.0350606767194566,
		0.8578720629882337,
		0.7018681997105037
	],
	[
		0.0,
		0.0,
		0.0,
		0.0,
		0.0,
		0.0,
		0.0,
		0.0,
		0.0,
		0.0,
		0.0,
		0.0,
		0.0,
		0.0,
		0.0,
		0.0,
		0.0,
		0.0,
		0.0,
		0.0,
		0.0,
		0.0,
		0.0,
		0.0,
		0.0,
		0.0,
		0.0,
		0.0,
		0.0,
		0.0,
		0.0,
		0.0,
		2.7996014865218966,
		3.5604895263554015,
		4.469708871750612,
		5.538661049846207,
		6.774642262381379,
		8.179447569733732,
		9.748046809359968,
		11.467460851811374,
		13.315974462671115,
		15.26281598400367,
		17.26841232578873,
		19.285290222558025,
		20.0,
		20.0,
		20.0,
		20.0,
		20.0,
		20.0,
		20.0,
		20.0,
		20.0,
		20.0,
		0.019940911164863493,
		0.02884162529307358,
		0.04117852506311856,
		0.058036093120537584,
		0.08074244121649127,
		0.11088732537708036,
		0.15032744144534088,
		0.2011735819171898,
		0.2657540896969182,
		0.3465495105426363,
		0.4460945815877612,
		0.5668457982751527,
		0.7110157819812131,
		0.8803794054457666,
		1.0760608573997656,
		1.2983151303142464,
		1.5463212636569137,
		1.818007467787145,
		2.1099293962275745,
		2.417221832649418,
		2.7336406171161367,
		3.0517057389064006,
		3.3629484900810453,
		3.658256066438329,
		3.928296977233595,
		4.164001232142157,
		4.3570617112551835,
		4.500418466834603,
		4.588686739287736,
		4.618492552709855,
		4.588686739287736,
		4.500418466834603,
		4.3570617112551835,
		4.164001232142157,
		3.928296977233595,
		3.658256066438329,
		3.3629484900810453,
		3.0517057389064006,
		2.7336406171161367,
		2.417221832649418,
		2.1099293962275745,
		1.818007467787145,
		1.5463212636569137,
		1.2983151303142464,
		1.0760608573997656,
		0.8803794054457666
	],
	[
		0.0,
		0.0,
		0.0,
		0.0,
		0.0,
		0.0,
		0.0,
		0.0,
		0.0,
		0.0,
		0.0,
		0.0,
		0.0,
		0.0,
		0.0,
		0.0,
		0.0,
		0.0,
		0.0,
		0.0,
		0.0,
		0.0,
		0.0,
		0.0,
		0.0,
		0.0,
		0.0,
		0.0,
		0.0,
		0.0,
		0.0,
		0.0,
		2.7101060355080033,
		3.446670606939376,
		4.326824745811999,
		5.3616055042425055,
		6.558075844750687,
		7.917973444640576,
		9.436428941635496,
		11.100878112854467,
		12.890299899357899,
		14.774906327287681,
		16.716389347936147,
		18.668793283721957,
		20.0,
		20.0,
		20.0,
		20.0,
		20.0,
		20.0,
		20.0,
		20.0,
		20.0,
		20.0,
		0.024690826786504784,
		0.035711686816364656,
		0.05098723028507937,
		0.07186026309216872,
		0.09997525258067003,
		0.13730063391128045,
		0.1861353669999541,
		0.24909303411823644,
		0.3290565883505746,
		0.4290974402831313,
		0.5523541002373817,
		0.7018681997105037,
		0.8803794054457666,
		1.0900853640313726,
		1.3323780454230465,
		1.6075731811779963,
		1.9146542583528627,
		2.251055987993107,
		2.612513581917172,
		2.993002931564535,
		3.38479252105081,
		3.7786206046335544,
		4.164001232142157,
		4.529650933717873,
		4.864015461927814,
		5.155864359035585,
		5.394911753093417,
		5.572416020146351,
		5.681709753409881,
		5.718615297512255,
		5.681709753409881,
		5.572416020146351,
		5.394911753093417,
		5.155864359035585,
		4.864015461927814,
		4.529650933717873,
		4.164001232142157,
		3.7786206046335544,
		3.38479252105081,
		2.993002931564535,
		2.612513581917172,
		2.251055987993107,
		1.9146542583528627,
		1.6075731811779963,
		1.3323780454230465,
		1.0900853640313726
	],
	[
		0.0,
		0.0,
		0.0,
		0.0,
		0.0,
		0.0,
		0.0,
		0.0,
		0.0,
		0.0,
		0.0,
		0.0,
		0.0,
		0.0,
		0.0,
		0.0,
		0.0,
		0.0,
		0.0,
		0.0,
		0.0,
		0.0,
		0.0,
		0.0,
		0.0,
		0.0,
		0.0,
		0.0,
		0.0,
		0.0,
		0.0,
		0.0,
		2.5895981642961763,
		3.2934105749817046,
		4.134427683707114,
		5.123195767823184,
		6.26646372738626,
		7.565891971951425,
		9.016827660837269,
		10.607265253270803,
		12.317118415017022,
		14.117923727519464,
		15.973076551951678,
		17.838664680914995,
		19.66491792458684,
		20.0,
		20.0,
		20.0,
		20.0,
		20.0,
		20.0,
		20.0,
		20.0,
		20.0,
		0.03017884343664616,
		0.043649304035402625,
		0.062320134248508005,
		0.0878326047129407,
		0.12219669763429171,
		0.16781837118656343,
		0.2275075738567231,
		0.3044588074273056,
		0.40219581739792676,
		0.5244726951163956,
		0.6751255458875307,
		0.8578720629882337,
		1.0760608573997656,
		1.3323780454230465,
		1.6285249894193117,
		1.9648875984273872,
		2.340223419724477,
		2.7513969789743737,
		3.193195555844362,
		3.658256066438329,
		4.137128515038417,
		4.618492552709855,
		5.089531522836822,
		5.5364539848477445,
		5.945137535012664,
		6.3018555278579775,
		6.594035856268553,
		6.810993900284115,
		6.944580292237961,
		6.989688811569465,
		6.944580292237961,
		6.810993900284115,
		6.594035856268553,
		6.3018555278579775,
		5.945137535012664,
		5.5364539848477445,
		5.089531522836822,
		4.618492552709855,
		4.137128515038417,
		3.658256066438329,
		3.193195555844362,
		2.7513969789743737,
		2.340223419724477,
		1.9648875984273872,
		1.6285249894193117,
		1.3323780454230465
	],
	[
		0.0,
		0.0,
		0.0,
		0.0,
		0.0,
		0.0,
		0.0,
		0.0,
		0.0,
		0.0,
		0.0,
		0.0,
		0.0,
		0.0,
		0.0,
		0.0,
		0.0,
		0.0,
		0.0,
		0.0,
		0.0,
		0.0,
		0.0,
		0.0,
		0.0,
		0.0,
		0.0,
		0.0,
		0.0,
		0.0,
		0.0,
		0.0,
		2.442499597666164,
		3.1063329111250795,
		3.8995771982171963,
		4.832179669494832,
		5.910505863016976,
		7.136121871054688,
		8.504639151150283,
		10.004734120783478,
		11.617461422344737,
		13.315974462671115,
		15.06574787916427,
		16.825363837048663,
		18.54787927376985,
		20.0,
		20.0,
		20.0,
		20.0,
		20.0,
		20.0,
		20.0,
		20.0,
		20.0,
		0.03641211254897104,
		0.05266482045800905,
		0.0751920048588793,
		0.10597393153885223,
		0.14743573313911212,
		0.20248030486184967,
		0.27449797413227034,
		0.36734304897539044,
		0.48526708455750567,
		0.632799558522865,
		0.8145689019908375,
		1.0350606767194566,
		1.2983151303142464,
		1.6075731811779963,
		1.9648875984273872,
		2.370723998426574,
		2.82358330688286,
		3.3196824350021363,
		3.8527320046033027,
