[
	[
		4.9153448178662185,
		6.3928754271175405,
		8.061391140105357,
		9.85587632993592,
		11.682935978882957,
		13.427038926369669,
		14.961667496587319,
		16.16408961489912,
		16.931444054071047,
		17.19524032684852,
		16.931444054071047,
		16.16408961489912,
		14.961667496587319,
		13.427038926369669,
		11.682935978882957,
		9.85587632993592,
		8.061391140105357,
		6.3928754271175405,
		4.9153448178662185,
		3.664234311629684,
		4.866384612453586,
		5.213088517521288,
		5.475756767278287,
		5.639668516432048,
		5.69538894612998,
		5.639668516432048,
		5.475756767278287,
		5.213088517521288,
		4.866384612453586,
		4.454286438551708,
		3.9977003018484942,
		3.518055647926255,
		3.035676976570762,
		2.568436240571939,
		2.130798595203528,
		1.7333106069679718,
		1.3825179154726193,
		1.081248508256652,
		0.8291644143971131,
		17.538755883527138,
		16.1337486890238,
		14.491414989798812,
		12.709407378252738,
		10.883756297336557,
		0.0,
		0.0,
		0.0,
		0.0,
		0.0,
		0.0
	],
	[
		5.8265401166654565,
		7.577971946455405,
		9.555793258537928,
		11.682935978882957,
		13.848691736533318,
		15.916112470514946,
		17.735226949737932,
		19.160551310308605,
		20.0,
		20.0,
		20.0,
		19.160551310308605,
		17.735226949737932,
		15.916112470514946,
		13.848691736533318,
		11.682935978882957,
		9.555793258537928,
		7.577971946455405,
		5.8265401166654565,
		4.343501626980559,
		6.2223104669480795,
		6.665616845139763,
		7.001472625140239,
		7.211055277075551,
		7.282301148609217,
		7.211055277075551,
		7.001472625140239,
		6.665616845139763,
		6.2223104669480795,
		5.69538894612998,
		5.111583734720811,
		4.498295187227381,
		3.8815108401524263,
		3.2840823272580932,
		2.724505245221128,
		2.2162647614429187,
		1.7677303339678374,
		1.3825179154726193,
		1.060195365841162,
		19.99789465776876,
		18.39588901633814,
		16.5232809175589,
		14.491414989798812,
		12.409786267644478,
		0.0,
		0.0,
		0.0,
		0.0,
		0.0,
		0.0
	],
	[
		6.696363062669257,
		8.709259769282983,
		10.98234281918896,
		13.427038926369669,
		15.916112470514946,
		18.292170913575013,
		20.0,
		20.0,
		20.0,
		20.0,
		20.0,
		20.0,
		20.0,
		18.292170913575013,
		15.916112470514946,
		13.427038926369669,
		10.98234281918896,
		8.709259769282983,
		6.696363062669257,
		4.991927160059139,
		7.801126199888681,
		8.356914764258585,
		8.777988791127393,
		9.040749822699102,
		9.130073240102893,
		9.040749822699102,
		8.777988791127393,
		8.356914764258585,
		7.801126199888681,
		7.140506434421493,
		6.40856961536569,
		5.639668516432048,
		4.866384612453586,
		4.117367788356339,
		3.4158066144606,
		2.778607912321432,
		2.2162647614429187,
		1.7333106069679718,
		1.3292036598618455,
		20.0,
		20.0,
		18.39588901633814,
		16.1337486890238,
		13.81620587552122,
		0.0,
		0.0,
		0.0,
		0.0,
		0.0,
		0.0
	],
	[
		7.461716475947915,
		9.704674986344735,
		12.237557550498963,
		14.961667496587319,
		17.735226949737932,
		20.0,
		20.0,
		20.0,
		20.0,
		20.0,
		20.0,
		20.0,
		20.0,
		20.0,
		17.735226949737932,
		14.961667496587319,
		12.237557550498963,
		9.704674986344735,
		7.461716475947915,
		5.562473956138437,
		9.590103863037974,
		10.27334752832725,
		10.790983514238764,
		11.11400169384053,
		11.223809025289171,
		11.11400169384053,
		10.790983514238764,
		10.27334752832725,
		9.590103863037974,
		8.777988791127393,
		7.878202024951638,
		6.93297421934546,
		5.98235853069338,
		5.061574921480913,
		4.199129634538755,
		3.4158066144606,
		2.724505245221128,
		2.130798595203528,
		1.6340206306862712,
		20.0,
		20.0,
		19.99789465776876,
		17.538755883527138,
		15.019389898652372,
		0.0,
		0.0,
		0.0,
		0.0,
		0.0,
		0.0
	],
	[
		8.061391140105357,
		10.484609165290355,
		13.221051527770538,
		16.16408961489912,
		19.160551310308605,
		20.0,
		20.0,
		20.0,
		20.0,
		20.0,
		20.0,
		20.0,
		20.0,
		20.0,
		19.160551310308605,
		16.16408961489912,
		13.221051527770538,
		10.484609165290355,
		8.061391140105357,
		6.0095124776748765,
		11.559783438998812,
		12.383356251098663,
		13.007307772670003,
		13.396669583176314,
		13.529029877672494,
		13.396669583176314,
		13.007307772670003,
		12.383356251098663,
		11.559783438998812,
		10.58087075015757,
		9.49627976899443,
		8.356914764258585,
		7.211055277075551,
		6.101154981031835,
		5.061574921480913,
		4.117367788356339,
		3.2840823272580932,
		2.568436240571939,
		1.9696267001227117,
		20.0,
		20.0,
		20.0,
		18.616639121294007,
		15.942439898364594,
		0.0,
		0.0,
		0.0,
		0.0,
		0.0,
		0.0
	],
	[
		8.44408787246938,
		10.98234281918896,
		13.848691736533318,
		16.931444054071047,
		20.0,
		20.0,
		20.0,
		20.0,
		20.0,
		20.0,
		20.0,
		20.0,
		20.0,
		20.0,
		20.0,
		16.931444054071047,
		13.848691736533318,
		10.98234281918896,
		8.44408787246938,
		6.294800804259776,
		13.662697903724666,
		14.636092136654675,
		15.37355068774124,
		15.83374380643307,
		15.990182612375438,
		15.83374380643307,
		15.37355068774124,
		14.636092136654675,
		13.662697903724666,
		12.50570491918143,
		11.223809025289171,
		9.87717481333114,
		8.522864665903793,
		7.211055277075551,
		5.98235853069338,
		4.866384612453586,
		3.8815108401524263,
		3.035676976570762,
		2.327934145902771,
		20.0,
		20.0,
		20.0,
		19.29491093603011,
		16.5232809175589,
		0.0,
		0.0,
		0.0,
		0.0,
		0.0,
		0.0
	],
	[
		8.575648943140566,
		11.153450557714658,
		14.06445793174236,
		17.19524032684852,
		20.0,
		20.0,
		20.0,
		20.0,
		20.0,
		20.0,
		20.0,
		20.0,
		20.0,
		20.0,
		20.0,
		17.19524032684852,
		14.06445793174236,
		11.153450557714658,
		8.575648943140566,
		6.3928754271175405,
		15.83374380643307,
		16.961813461158545,
		17.816456508091814,
		18.34977576862113,
		18.531073195537118,
		18.34977576862113,
		17.816456508091814,
		16.961813461158545,
		15.83374380643307,
		14.492900977865236,
		13.007307772670003,
		11.446689125945143,
		9.87717481333114,
		8.356914764258585,
		6.93297421934546,
		5.639668516432048,
		4.498295187227381,
		3.518055647926255,
		2.697850243356655,
		20.0,
		20.0,
		20.0,
		19.52644927649628,
		16.72155978266441,
		0.0,
		0.0,
		0.0,
		0.0,
		0.0,
		0.0
	],
	[
		8.44408787246938,
		10.98234281918896,
		13.848691736533318,
		16.931444054071047,
		20.0,
		20.0,
		20.0,
		20.0,
		20.0,
		20.0,
		20.0,
		20.0,
		20.0,
		20.0,
		20.0,
		16.931444054071047,
		13.848691736533318,
		10.98234281918896,
		8.44408787246938,
		6.294800804259776,
		17.992484692981204,
		19.27435310284005,
		20.0,
		20.0,
		20.0,
		20.0,
		20.0,
		19.27435310284005,
		17.992484692981204,
		16.468834041333135,
		14.780698036908694,
		13.007307772670003,
		11.223809025289171,
		9.49627976899443,
		7.878202024951638,
		6.40856961536569,
		5.111583734720811,
		3.9977003018484942,
		3.065669736795196,
		20.0,
		20.0,
		20.0,
		19.29491093603011,
		16.5232809175589,
		0.0,
		0.0,
		0.0,
		0.0,
		0.0,
		0.0
	],
	[
		8.061391140105357,
		10.484609165290355,
		13.221051527770538,
		16.16408961489912,
		19.160551310308605,
		20.0,
		20.0,
		20.0,
		20.0,
		20.0,
		20.0,
		20.0,
		20.0,
		20.0,
		19.160551310308605,
		16.16408961489912,
		13.221051527770538,
		10.484609165290355,
		8.061391140105357,
		6.0095124776748765,
		20.0,
		20.0,
		20.0,
		20.0,
		20.0,
		20.0,
		20.0,
		20.0,
		20.0,
		18.34977576862113,
		16.468834041333135,
		14.492900977865236,
		12.50570491918143,
		10.58087075015757,
		8.777988791127393,
		7.140506434421493,
		5.69538894612998,
		4.454286438551708,
		3.4158066144606,
		20.0,
		20.0,
		20.0,
		18.616639121294007,
		15.942439898364594,
		0.0,
		0.0,
		0.0,
		0.0,
		0.0,
		0.0
	],
	[
		7.461716475947915,
		9.704674986344735,
		12.237557550498963,
		14.961667496587319,
		17.735226949737932,
		20.0,
		20.0,
		20.0,
		20.0,
		20.0,
		20.0,
		20.0,
		20.0,
		20.0,
		17.735226949737932,
		14.961667496587319,
		12.237557550498963,
		9.704674986344735,
		7.461716475947915,
		5.562473956138437,
		20.0,
		20.0,
		20.0,
		20.0,
		20.0,
		20.0,
		20.0,
		20.0,
		20.0,
		20.0,
		17.992484692981204,
		15.83374380643307,
		13.662697903724666,
		11.559783438998812,
		9.590103863037974,
		7.801126199888681,
		6.2223104669480795,
		4.866384612453586,
		3.7318275277180013,
		20.0,
		20.0,
		19.99789465776876,
		17.538755883527138,
		15.019389898652372,
		0.0,
		0.0,
		0.0,
		0.0,
		0.0,
		0.0
	],
	[
		6.696363062669257,
		8.709259769282983,
		10.98234281918896,
		13.427038926369669,
		15.916112470514946,
		18.292170913575013,
		20.0,
		20.0,
		20.0,
		20.0,
		20.0,
		20.0,
		20.0,
		18.292170913575013,
		15.916112470514946,
		13.427038926369669,
		10.98234281918896,
		8.709259769282983,
		6.696363062669257,
		4.991927160059139,
		20.0,
		20.0,
		20.0,
		20.0,
		20.0,
		20.0,
		20.0,
		20.0,
		20.0,
		20.0,
		19.27435310284005,
		16.961813461158545,
		14.636092136654675,
		12.383356251098663,
		10.27334752832725,
		8.356914764258585,
		6.665616845139763,
		5.213088517521288,
		3.9977003018484942,
		20.0,
		20.0,
		18.39588901633814,
		16.1337486890238,
		13.81620587552122,
		0.0,
		0.0,
		0.0,
		0.0,
		0.0,
		0.0
	],
	[
		5.8265401166654565,
		7.577971946455405,
		9.555793258537928,
		11.682935978882957,
		13.848691736533318,
		15.916112470514946,
		17.735226949737932,
		19.160551310308605,
		20.0,
		20.0,
		20.0,
		19.160551310308605,
		17.735226949737932,
		15.916112470514946,
		13.848691736533318,
		11.682935978882957,
		9.555793258537928,
		7.577971946455405,
		5.8265401166654565,
		4.343501626980559,
		20.0,
		20.0,
		20.0,
		20.0,
		20.0,
		20.0,
		20.0,
		20.0,
		20.0,
		20.0,
		20.0,
		17.816456508091814,
		15.37355068774124,
		13.007307772670003,
		10.790983514238764,
		8.777988791127393,
		7.001472625140239,
		5.475756767278287,
		4.199129634538755,
		19.99789465776876,
		18.39588901633814,
		16.5232809175589,
		14.491414989798812,
		12.409786267644478,
		0.0,
		0.0,
		0.0,
		0.0,
		0.0,
		0.0
	],
	[
		4.9153448178662185,
		6.3928754271175405,
		8.061391140105357,
		9.85587632993592,
		11.682935978882957,
		13.427038926369669,
		14.961667496587319,
		16.16408961489912,
		16.931444054071047,
		17.19524032684852,
		16.931444054071047,
		16.16408961489912,
		14.961667496587319,
		13.427038926369669,
		11.682935978882957,
		9.85587632993592,
		8.061391140105357,
		6.3928754271175405,
		4.9153448178662185,
		3.664234311629684,
		20.0,
		20.0,
		20.0,
		20.0,
		20.0,
		20.0,
		20.0,
		20.0,
		20.0,
		20.0,
		20.0,
		18.34977576862113,
		15.83374380643307,
		13.396669583176314,
		11.11400169384053,
		9.040749822699102,
		7.211055277075551,
		5.639668516432048,
		4.324826723100773,
		17.538755883527138,
		16.1337486890238,
		14.491414989798812,
		12.709407378252738,
		10.883756297336557,
		0.0,
		0.0,
		0.0,
		0.0,
		0.0,
		0.0
	],
	[
		0.0,
		0.0,
		0.0,
		0.0,
		0.0,
		0.0,
		0.0,
		0.0,
		0.0,
		3.2840823272580932,
		4.367556398201026,
		5.69538894612998,
		7.282301148609217,
		9.130073240102893,
		11.223809025289171,
		13.529029877672494,
		15.990182612375438,
		18.531073195537118,
		20.0,
		20.0,
		20.0,
		20.0,
		20.0,
		20.0,
		20.0,
		20.0,
		20.0,
		20.0,
		20.0,
		20.0,
		20.0,
		18.531073195537118,
		15.990182612375438,
		13.529029877672494,
		11.223809025289171,
		9.130073240102893,
		7.282301148609217,
		5.69538894612998,
		4.367556398201026,
		15.019389898652372,
		13.81620587552122,
		12.409786267644478,
		10.883756297336557,
		9.320352052173995,
		0.0,
		0.0,
		0.0,
		0.0,
		0.0,
		0.0
	],
	[
		1.1845130258595842,
		1.2851425371844565,
		0.028353215911553913,
		0.04214705643719616,
		0.06132336252377047,
		0.08733301626474085,
		0.12173760327740381,
		0.16609816043842768,
		0.2218189707594383,
		0.2899521523881916,
		0.3709776758135487,
		0.4645826672135484,
		0.5694715311613453,
		0.6832424174242602,
		0.8023639566356774,
		0.9222778742584132,
		1.0376382113517233,
		1.1426781179512697,
		1.2316736578069496,
		1.29945481699218,
		1.3419010771268833,
		1.356355733468589,
		1.3419010771268833,
		1.29945481699218,
		1.2316736578069496,
		1.1426781179512697,
		1.0376382113517233,
		0.9222778742584132,
		0.8023639566356774,
		0.6832424174242602,
		0.5694715311613453,
		0.4645826672135484,
		0.3709776758135487,
		0.2899521523881916,
		0.2218189707594383,
		0.16609816043842768,
		0.12173760327740381,
		0.08733301626474085,
		0.06132336252377047,
		0.04214705643719616,
		11.55264173908315,
		10.376641467300225,
		9.100627076018869,
		7.7933615864588806,
		0.0,
		0.0,
		0.0,
		0.0,
		0.0,
		0.0
	],
	[
		1.58157413728006,
		1.7159357095751844,
		0.04037893169021221,
		0.06002328335980965,
		0.08733301626474085,
		0.1243743887485141,
		0.17337131640384132,
		0.23654693334028945,
		0.31590113431325584,
		0.4129322822227656,
		0.5283239219493533,
		0.6616304775582106,
		0.8110068405649254,
		0.9730324414377037,
		1.1426781179512697,
		1.3134522517743425,
		1.4777414521874928,
		1.6273329209845466,
		1.7540749750702604,
		1.8506047939508234,
		1.911054185082703,
		1.9316396305872954,
		1.911054185082703,
		1.8506047939508234,
		1.7540749750702604,
		1.6273329209845466,
		1.4777414521874928,
		1.3134522517743425,
		1.1426781179512697,
		0.9730324414377037,
		0.8110068405649254,
		0.6616304775582106,
		0.5283239219493533,
		0.4129322822227656,
		0.31590113431325584,
		0.23654693334028945,
		0.17337131640384132,
		0.1243743887485141,
		0.08733301626474085,
		0.06002328335980965,
		9.432195991432145,
		8.472046330432242,
		7.430239781049113,
		6.3629181598262345,
		0.0,
		0.0,
		0.0,
		0.0,
		0.0,
		0.0
	],
	[
		2.080658578240878,
		2.257419535183789,
		0.056286094046806005,
		0.08366928075532187,
		0.12173760327740381,
		0.17337131640384132,
		0.24167044078807545,
		0.32973390773739686,
		0.44034946471252606,
		0.5756057503073249,
		0.7364555899141574,
		0.9222778742584132,
		1.1305006197503111,
		1.356355733468589,
		1.5928328293990683,
		1.8308829351044973,
		2.0598933867993017,
		2.2684159783801925,
		2.4450876949744944,
		2.5796451544317387,
		2.663908406873007,
		2.6926034285877045,
		2.663908406873007,
		2.5796451544317387,
		2.4450876949744944,
		2.2684159783801925,
		2.0598933867993017,
		1.8308829351044973,
		1.5928328293990683,
		1.356355733468589,
		1.1305006197503111,
		0.9222778742584132,
		0.7364555899141574,
		0.5756057503073249,
		0.44034946471252606,
		0.32973390773739686,
		0.24167044078807545,
		0.17337131640384132,
		0.12173760327740381,
		0.08366928075532187,
		7.519402430924697,
		6.753965442387525,
		5.923431099473037,
		5.072555990379463,
		0.0,
		0.0,
		0.0,
		0.0,
		0.0,
		0.0
	],
	[
		2.6969546344520916,
		2.926072610367399,
		0.07679645752623519,
		0.11415793677979232,
		0.16609816043842768,
		0.23654693334028945,
		0.32973390773739686,
		0.4498872495834785,
		0.6008105471908282,
		0.7853535283257346,
		1.004816223058037,
		1.2583511930846425,
		1.542449237210197,
		1.8506047939508234,
		2.173252928647302,
		2.4980472697987843,
		2.8105079534628343,
		3.0950151060516387,
		3.3360650884547294,
		3.519654594798042,
		3.634622943494384,
		3.673774283690324,
		3.634622943494384,
		3.519654594798042,
		3.3360650884547294,
		3.0950151060516387,
		2.8105079534628343,
		2.4980472697987843,
		2.173252928647302,
		1.8506047939508234,
		1.542449237210197,
		1.2583511930846425,
		1.004816223058037,
		0.7853535283257346,
		0.6008105471908282,
		0.4498872495834785,
		0.32973390773739686,
		0.23654693334028945,
		0.16609816043842768,
		0.11415793677979232,
		5.853192963126939,
		5.257367638418008,
		4.610869752949131,
		3.9485383713271065,
		0.0,
		0.0,
		0.0,
		0.0,
		0.0,
		0.0
	],
	[
		3.4443558541203743,
		3.736968800421723,
		0.10255930060559114,
		0.15245440391196582,
		0.2218189707594383,
		0.31590113431325584,
		0.44034946471252606,
		0.6008105471908282,
		0.8023639566356774,
		1.0488154165926828,
		1.3419010771268833,
		1.6804892105196927,
		2.0598933867993017,
		2.4714256292370282,
		2.9023122625803035,
		3.3360650884547294,
		3.753346695127567,
		4.133297223142845,
		4.455212040604388,
		4.700390164382604,
		4.85392684841583,
		4.906212255811027,
		4.85392684841583,
		4.700390164382604,
		4.455212040604388,
		4.133297223142845,
		3.753346695127567,
		3.3360650884547294,
		2.9023122625803035,
		2.4714256292370282,
		2.0598933867993017,
		1.6804892105196927,
		1.3419010771268833,
		1.0488154165926828,
		0.8023639566356774,
		0.6008105471908282,
		0.44034946471252606,
		0.31590113431325584,
		0.2218189707594383,
		0.15245440391196582,
		4.448784371720205,
		3.9959207108877868,
		3.5045428070081943,
		3.0011304783830717,
		0.0,
		0.0,
		0.0,
		0.0,
		0.0,
		0.0
	],
	[
		4.334150028182884,
		4.702354843008134,
		0.13406107627407882,
		0.19928179453718955,
		0.2899521523881916,
		0.4129322822227656,
		0.5756057503073249,
		0.7853535283257346,
		1.0488154165926828,
		1.3709660921146742,
		1.7540749750702604,
		2.196662719996797,
		2.6926034285877045,
		3.2305405539085363,
		3.793776900851457,
		4.360759810546519,
		4.906212255811027,
		5.402867131730256,
		5.82366024013329,
		6.144146465746017,
		6.3448429699880275,
		6.4131881902405,
		6.3448429699880275,
		6.144146465746017,
		5.82366024013329,
		5.402867131730256,
		4.906212255811027,
		4.360759810546519,
		3.793776900851457,
		3.2305405539085363,
		2.6926034285877045,
		2.196662719996797,
		1.7540749750702604,
		1.3709660921146742,
		1.0488154165926828,
		0.7853535283257346,
		0.5756057503073249,
		0.4129322822227656,
		0.2899521523881916,
		0.19928179453718955,
		3.3016335749443977,
		2.9655440406929547,
		2.6008714358017104,
		2.227267568463233,
		0.0,
		0.0,
		0.0,
		0.0,
		0.0,
		0.0
	],
	[
		5.373551553960121,
		5.830058029742953,
		0.17152370169901887,
		0.25496998853239267,
		0.3709776758135487,
		0.5283239219493533,
		0.7364555899141574,
		1.004816223058037,
		1.3419010771268833,
		1.7540749750702604,
		2.244241513969098,
		2.8105079534628343,
		3.445036546884209,
		4.133297223142845,
		4.85392684841583,
		5.579349992656106,
		6.277226103401906,
		6.912668434256923,
		7.451049846734667,
		7.8610941734582385,
		8.117874204488754,
		8.205318118091032,
		8.117874204488754,
		7.8610941734582385,
		7.451049846734667,
		6.912668434256923,
		6.277226103401906,
		5.579349992656106,
		4.85392684841583,
		4.133297223142845,
		3.445036546884209,
		2.8105079534628343,
		2.244241513969098,
		1.7540749750702604,
		1.3419010771268833,
		1.004816223058037,
		0.7364555899141574,
		0.5283239219493533,
		0.3709776758135487,
		0.25496998853239267,
		2.3925189674996803,
		2.1489726843576293,
		1.8847137639398743,
		1.6139828307067414,
		0.0,
		0.0,
		0.0,
		0.0,
		0.0,
		0.0
	],
	[
		6.564179558577258,
		7.121835039612594,
		0.21480251783592888,
		0.3193039502229279,
		0.4645826672135484,
		0.6616304775582106,
		0.9222778742584132,
		1.2583511930846425,
		1.6804892105196927,
		2.196662719996797,
		2.8105079534628343,
		3.519654594798042,
		4.314287279119251,
		5.176209711549241,
		6.078668417853411,
		6.9871301425933385,
		7.8610941734582385,
		8.65687114920648,
		9.331096820707042,
		9.844603426103873,
		10.166174128280819,
		10.275681867591135,
		10.166174128280819,
		9.844603426103873,
		9.331096820707042,
		8.65687114920648,
		7.8610941734582385,
		6.9871301425933385,
		6.078668417853411,
		5.176209711549241,
		4.314287279119251,
		3.519654594798042,
		2.8105079534628343,
		2.196662719996797,
		1.6804892105196927,
		1.2583511930846425,
		0.9222778742584132,
		0.6616304775582106,
		0.4645826672135484,
		0.3193039502229279,
		1.6928594721956718,
		1.520534973232164,
		1.3335549648734812,
		1.1419955954532908,
		0.0,
		0.0,
		0.0,
		0.0,
		0.0,
		0.0
	],
	[
		7.9006175294863095,
		8.571809203870794,
		0.2632984985492617,
		0.3913932272375008,
		0.5694715311613453,
		0.8110068405649254,
		1.1305006197503111,
		1.542449237210197,
		2.0598933867993017,
		2.6926034285877045,
		3.445036546884209,
		4.314287279119251,
		5.2883242447369225,
		6.3448429699880275,
		7.451049846734667,
		8.564615043843759,
		9.635894000120027,
		10.611333603926841,
		11.437779256324,
		12.067220286896022,
		12.461392030847806,
		12.59562334075244,
		12.461392030847806,
		12.067220286896022,
		11.437779256324,
		10.611333603926841,
		9.635894000120027,
		8.564615043843759,
		7.451049846734667,
		6.3448429699880275,
		5.2883242447369225,
		4.314287279119251,
		3.445036546884209,
		2.6926034285877045,
		2.0598933867993017,
		1.542449237210197,
		1.1305006197503111,
		0.8110068405649254,
		0.5694715311613453,
		0.3913932272375008,
		1.169567866340145,
		1.050511795897702,
		0.9213304828494978,
		0.7889853669967037,
		0.0,
		0.0,
		0.0,
		0.0,
		0.0,
		0.0
	],
	[
		9.369214391346905,
		10.165169729208227,
		0.31590113431325584,
		0.4695870471275011,
		0.6832424174242602,
		0.9730324414377037,
		1.356355733468589,
		1.8506047939508234,
		2.4714256292370282,
		3.2305405539085363,
		4.133297223142845,
		5.176209711549241,
		6.3448429699880275,
		7.612436463946274,
		8.939644970925313,
		10.275681867591135,
		11.560984439836067,
		12.731300560111983,
		13.722856229737932,
		14.478049049433427,
		14.950969714437925,
		15.11201819474779,
		14.950969714437925,
		14.478049049433427,
		13.722856229737932,
		12.731300560111983,
		11.560984439836067,
		10.275681867591135,
		8.939644970925313,
		7.612436463946274,
		6.3448429699880275,
		5.176209711549241,
		4.133297223142845,
		3.2305405539085363,
		2.4714256292370282,
		1.8506047939508234,
		1.356355733468589,
		0.9730324414377037,
		0.6832424174242602,
		0.4695870471275011,
		0.0,
		0.0,
		0.0,
		0.0,
		0.0,
		0.0,
		0.0,
		0.0,
		0.0,
		0.0
	],
	[
		10.947296196457309,
		11.877316417871675,
		0.3709776758135487,
		0.551458327980425,
		0.8023639566356774,
		1.1426781179512697,
		1.5928328293990683,
		2.173252928647302,
		2.9023122625803035,
		3.793776900851457,
		4.85392684841583,
		6.078668417853411,
		7.451049846734667,
		8.939644970925313,
		10.498248830672177,
		12.067220286896022,
		13.576612021133274,
		14.950969714437925,
		16.115400537256107,
		17.002259261745213,
		17.55763241521288,
		17.74675927937733,
		17.55763241521288,
		17.002259261745213,
		16.115400537256107,
		14.950969714437925,
		13.576612021133274,
		12.067220286896022,
		10.498248830672177,
		8.939644970925313,
		7.451049846734667,
		6.078668417853411,
		4.85392684841583,
		3.793776900851457,
		2.9023122625803035,
		2.173252928647302,
		1.5928328293990683,
		1.1426781179512697,
		0.8023639566356774,
		0.551458327980425,
		0.0,
		0.0,
		0.0,
		0.0,
		0.0,
		0.0,
		0.0,
		0.0,
		0.0,
		0.0
	],
	[
		12.602947115228563,
		13.67362205233052,
		0.42642057811427975,
		0.6338742041759237,
		0.9222778742584132,
		1.3134522517743425,
		1.8308829351044973,
		2.4980472697987843,
		3.3360650884547294,
		4.360759810546519,
		5.579349992656106,
		6.9871301425933385,
		8.564615043843759,
		10.275681867591135,
		12.067220286896022,
		13.870675748038197,
		15.60564725138508,
		17.18540377131466,
		18.523859686623627,
		19.54326013753487,
		20.0,
		20.0,
		20.0,
		19.54326013753487,
		18.523859686623627,
		17.18540377131466,
		15.60564725138508,
		13.870675748038197,
		12.067220286896022,
		10.275681867591135,
		8.564615043843759,
		6.9871301425933385,
		5.579349992656106,
		4.360759810546519,
		3.3360650884547294,
		2.4980472697987843,
		1.8308829351044973,
		1.3134522517743425,
		0.9222778742584132,
		0.6338742041759237,
		0.0,
		0.0,
		0.0,
		0.0,
		0.0,
		0.0,
		0.0,
		0.0,
		0.0,
		0.0
	],
	[
		14.295485590682294,
		15.509949001161198,
		0.47975810578113615,
		0.7131604409050503,
		1.0376382113517233,
		1.4777414521874928,
		2.0598933867993017,
		2.8105079534628343,
		3.753346695127567,
		4.906212255811027,
		6.277226103401906,
		7.8610941734582385,
		9.635894000120027,
		11.560984439836067,
		13.576612021133274,
		15.60564725138508,
		17.55763241521288,
		19.33498799910241,
		20.0,
		20.0,
		20.0,
		20.0,
		20.0,
		20.0,
		20.0,
		19.33498799910241,
		17.55763241521288,
		15.60564725138508,
		13.576612021133274,
		11.560984439836067,
		9.635894000120027,
		7.8610941734582385,
		6.277226103401906,
		4.906212255811027,
		3.753346695127567,
		2.8105079534628343,
		2.0598933867993017,
		1.4777414521874928,
		1.0376382113517233,
		0.7131604409050503,
		0.0,
		0.0,
		0.0,
		0.0,
		0.0,
		0.0,
		0.0,
		0.0,
		0.0,
		0.0
	],
	[
		15.976706736855185,
		17.333997164576594,
		0.5283239219493533,
		0.7853535283257346,
		1.1426781179512697,
		1.6273329209845466,
		2.2684159783801925,
		3.0950151060516387,
		4.133297223142845,
		5.402867131730256,
		6.912668434256923,
		8.65687114920648,
		10.611333603926841,
		12.731300560111983,
		14.950969714437925,
		17.18540377131466,
		19.33498799910241,
		20.0,
		20.0,
		20.0,
		20.0,
		20.0,
		20.0,
		20.0,
		20.0,
		20.0,
		19.33498799910241,
		17.18540377131466,
		14.950969714437925,
		12.731300560111983,
		10.611333603926841,
		8.65687114920648,
		6.912668434256923,
		5.402867131730256,
		4.133297223142845,
		3.0950151060516387,
		2.2684159783801925,
		1.6273329209845466,
		1.1426781179512697,
		0.7853535283257346,
		0.0,
		0.0,
		0.0,
		0.0,
		0.0,
		0.0,
		0.0,
		0.0,
		0.0,
		0.0
	],
	[
		17.592889221157073,
		19.087481350131696,
		0.5694715311613453,
		0.8465194508483647,
		1.2316736578069496,
		1.7540749750702604,
		2.4450876949744944,
		3.3360650884547294,
		4.455212040604388,
		5.82366024013329,
		7.451049846734667,
		9.331096820707042,
		11.437779256324,
		13.722856229737932,
		16.115400537256107,
		18.523859686623627,
		20.0,
		20.0,
		20.0,
		20.0,
		20.0,
		20.0,
		20.0,
		20.0,
		20.0,
		20.0,
		20.0,
		18.523859686623627,
		16.115400537256107,
		13.722856229737932,
		11.437779256324,
		9.331096820707042,
		7.451049846734667,
		5.82366024013329,
		4.455212040604388,
		3.3360650884547294,
		2.4450876949744944,
		1.7540749750702604,
		1.2316736578069496,
		0.8465194508483647,
		0.0,
		0.0,
		0.0,
		0.0,
		0.0,
		0.0,
		0.0,
		0.0,
		0.0,
		0.0
	],
	[
		19.087481350131696,
		20.0,
		0.6008105471908282,
		0.8931048992645556,
		1.29945481699218,
		1.8506047939508234,
		2.5796451544317387,
		3.519654594798042,
		4.700390164382604,
		6.144146465746017,
		7.8610941734582385,
		9.844603426103873,
		12.067220286896022,
		14.478049049433427,
		17.002259261745213,
		19.54326013753487,
		20.0,
		20.0,
		20.0,
		20.0,
		20.0,
		20.0,
		20.0,
		20.0,
		20.0,
		20.0,
		20.0,
		19.54326013753487,
		17.002259261745213,
		14.478049049433427,
		12.067220286896022,
		9.844603426103873,
		7.8610941734582385,
		6.144146465746017,
		4.700390164382604,
		3.519654594798042,
		2.5796451544317387,
		1.8506047939508234,
		1.29945481699218,
		0.8931048992645556,
		0.0,
		0.0,
		0.0,
		0.0,
		0.0,
		0.0,
		0.0,
		0.0,
		0.0,
		0.0
	],
	[
		20.0,
		20.0,
		0.620435824225673,
		0.9222778742584132,
		1.3419010771268833,
		1.911054185082703,
		2.663908406873007,
		3.634622943494384,
		4.85392684841583,
		6.3448429699880275,
		8.117874204488754,
		10.166174128280819,
		12.461392030847806,
		14.950969714437925,
		17.55763241521288,
		20.0,
		20.0,
		20.0,
		20.0,
		20.0,
		20.0,
		20.0,
		20.0,
		20.0,
		20.0,
		20.0,
		20.0,
		20.0,
		17.55763241521288,
		14.950969714437925,
		12.461392030847806,
		10.166174128280819,
		8.117874204488754,
		6.3448429699880275,
		4.85392684841583,
		3.634622943494384,
		2.663908406873007,
		1.911054185082703,
		1.3419010771268833,
		0.9222778742584132,
		0.0,
		0.0,
		0.0,
		0.0,
		0.0,
		0.0,
		0.0,
		0.0,
		0.0,
		0.0
	],
	[
		20.0,
		20.0,
		0.6271190192645106,
		0.9322124439157445,
		1.356355733468589,
		1.9316396305872954,
		2.6926034285877045,
		3.673774283690324,
		4.906212255811027,
		6.4131881902405,
		8.205318118091032,
		10.275681867591135,
		12.59562334075244,
		15.11201819474779,
		17.74675927937733,
		20.0,
		20.0,
		20.0,
		20.0,
		20.0,
		20.0,
		20.0,
		20.0,
		20.0,
		20.0,
		20.0,
		20.0,
		20.0,
		17.74675927937733,
		15.11201819474779,
		12.59562334075244,
		10.275681867591135,
		8.205318118091032,
		6.4131881902405,
		4.906212255811027,
		3.673774283690324,
		2.6926034285877045,
		1.9316396305872954,
		1.356355733468589,
		0.9322124439157445,
		0.0,
		0.0,
		0.0,
		0.0,
		0.0,
		0.0,
		0.0,
		0.0,
		0.0,
		0.0
	],
	[
		20.0,
		20.0,
		0.620435824225673,
		0.9222778742584132,
		1.3419010771268833,
		1.911054185082703,
		2.663908406873007,
		3.634622943494384,
		4.85392684841583,
		6.3448429699880275,
		8.117874204488754,
		10.166174128280819,
		12.461392030847806,
		14.950969714437925,
		17.55763241521288,
		20.0,
		20.0,
		20.0,
		20.0,
		20.0,
		20.0,
		20.0,
		20.0,
		20.0,
		20.0,
		20.0,
		20.0,
		20.0,
		17.55763241521288,
		14.950969714437925,
		12.461392030847806,
		10.166174128280819,
		8.117874204488754,
		6.3448429699880275,
		4.85392684841583,
		3.634622943494384,
		2.663908406873007,
		1.911054185082703,
		1.3419010771268833,
		0.9222778742584132,
		0.0,
		0.0,
		0.0,
		0.0,
		0.0,
		0.0,
		0.0,
		0.0,
		0.0,
		0.0
	],
	[
		20.0,
		20.0,
		0.6008105471908282,
		0.8931048992645556,
		1.29945481699218,
		1.8506047939508234,
		2.5796451544317387,
		3.519654594798042,
		4.700390164382604,
		6.144146465746017,
		7.8610941734582385,
		9.844603426103873,
		12.067220286896022,
		14.478049049433427,
		17.002259261745213,
		19.54326013753487,
		20.0,
		20.0,
		20.0,
		20.0,
		20.0,
		20.0,
		20.0,
		20.0,
		20.0,
		20.0,
		20.0,
		19.54326013753487,
		17.002259261745213,
		14.478049049433427,
		12.067220286896022,
		9.844603426103873,
		7.8610941734582385,
		6.144146465746017,
		4.700390164382604,
		3.519654594798042,
		2.5796451544317387,
		1.8506047939508234,
		1.29945481699218,
		0.8931048992645556,
		0.0,
		0.0,
		0.0,
		0.0,
		0.0,
		0.0,
		0.0,
		0.0,
		0.0,
		0.0
	],
	[
		20.0,
		20.0,
		0.5694715311613453,
		0.8465194508483647,
		1.2316736578069496,
		1.7540749750702604,
		2.4450876949744944,
		3.3360650884547294,
		4.455212040604388,
		5.82366024013329,
		7.451049846734667,
		9.331096820707042,
		11.437779256324,
		13.722856229737932,
		16.115400537256107,
		18.523859686623627,
		20.0,
		20.0,
		20.0,
		20.0,
		20.0,
		20.0,
		20.0,
		20.0,
		20.0,
		20.0,
		20.0,
		18.523859686623627,
		16.115400537256107,
		13.722856229737932,
		11.437779256324,
		9.331096820707042,
		7.451049846734667,
		5.82366024013329,
		4.455212040604388,
		3.3360650884547294,
		2.4450876949744944,
		1.7540749750702604,
		1.2316736578069496,
		0.8465194508483647,
		0.0,
		0.0,
		0.0,
		0.0,
		0.0,
		0.0,
		0.0,
		0.0,
		0.0,
		0.0
	],
	[
		20.0,
		20.0,
		0.5283239219493533,
		0.7853535283257346,
		1.1426781179512697,
		1.6273329209845466,
		2.2684159783801925,
		3.0950151060516387,
		4.133297223142845,
		5.402867131730256,
		6.912668434256923,
		8.65687114920648,
		10.611333603926841,
		12.731300560111983,
		14.950969714437925,
		17.18540377131466,
		19.33498799910241,
		20.0,
		20.0,
		20.0,
		20.0,
		20.0,
		20.0,
		20.0,
		20.0,
		20.0,
		19.33498799910241,
		17.18540377131466,
		14.950969714437925,
		12.731300560111983,
		10.611333603926841,
		8.65687114920648,
		6.912668434256923,
		5.402867131730256,
		4.133297223142845,
		3.0950151060516387,
		2.2684159783801925,
		1.6273329209845466,
		1.1426781179512697,
		0.7853535283257346,
		0.0,
		0.0,
		0.0,
		0.0,
		0.0,
		0.0,
		0.0,
		0.0,
		0.0,
		0.0
	],
	[
		20.0,
		20.0,
		0.47975810578113615,
		0.7131604409050503,
		1.0376382113517233,
		1.4777414521874928,
		2.0598933867993017,
		2.8105079534628343,
		3.753346695127567,
		4.906212255811027,
		6.277226103401906,
		7.8610941734582385,
		9.635894000120027,
		11.560984439836067,
		13.576612021133274,
		15.60564725138508,
		17.55763241521288,
		19.33498799910241,
		20.0,
		20.0,
		20.0,
		20.0,
		20.0,
		20.0,
		20.0,
		19.33498799910241,
		17.55763241521288,
		15.60564725138508,
		13.576612021133274,
		11.560984439836067,
		9.635894000120027,
		7.8610941734582385,
		6.277226103401906,
		4.906212255811027,
		3.753346695127567,
		2.8105079534628343,
		2.0598933867993017,
		1.4777414521874928,
		1.0376382113517233,
		0.7131604409050503,
		0.0,
		0.0,
		0.0,
		0.0,
		0.0,
		0.0,
		0.0,
		0.0,
		0.0,
		0.0
	],
	[
		20.0,
		20.0,
		0.42642057811427975,
		0.6338742041759237,
		0.9222778742584132,
		1.3134522517743425,
		1.8308829351044973,
		2.4980472697987843,
		3.3360650884547294,
		4.360759810546519,
		5.579349992656106,
		6.9871301425933385,
		8.564615043843759,
		10.275681867591135,
		12.067220286896022,
		13.870675748038197,
		15.60564725138508,
		17.18540377131466,
		18.523859686623627,
		19.54326013753487,
		20.0,
		20.0,
		20.0,
		19.54326013753487,
		18.523859686623627,
		17.18540377131466,
		15.60564725138508,
		13.870675748038197,
		12.067220286896022,
		10.275681867591135,
		8.564615043843759,
		6.9871301425933385,
		5.579349992656106,
		4.360759810546519,
		3.3360650884547294,
		2.4980472697987843,
		1.8308829351044973,
		1.3134522517743425,
		0.9222778742584132,
		0.6338742041759237,
		0.0,
		0.0,
		0.0,
		0.0,
		0.0,
		0.0,
		0.0,
		0.0,
		0.0,
		0.0
	],
	[
		20.0,
		20.0,
		0.3709776758135487,
		0.551458327980425,
		0.8023639566356774,
		1.1426781179512697,
		1.5928328293990683,
		2.173252928647302,
		2.9023122625803035,
		3.793776900851457,
		4.85392684841583,
		6.078668417853411,
		7.451049846734667,
		8.939644970925313,
		10.498248830672177,
		12.067220286896022,
		13.576612021133274,
		14.950969714437925,
		16.115400537256107,
		17.002259261745213,
		17.55763241521288,
		17.74675927937733,
		17.55763241521288,
		17.002259261745213,
		16.115400537256107,
		14.950969714437925,
		13.576612021133274,
		12.067220286896022,
		10.498248830672177,
		8.939644970925313,
		7.451049846734667,
		6.078668417853411,
		4.85392684841583,
		3.793776900851457,
		2.9023122625803035,
		2.173252928647302,
		1.5928328293990683,
		1.1426781179512697,
		0.8023639566356774,
		0.551458327980425,
		0.0,
		0.0,
		0.0,
		0.0,
		0.0,
		0.0,
		0.0,
		0.0,
		0.0,
		0.0
	],
	[
		19.087481350131696,
		20.0,
		0.31590113431325584,
		0.4695870471275011,
		0.6832424174242602,
		0.9730324414377037,
		1.356355733468589,
		1.8506047939508234,
		2.4714256292370282,
		3.2305405539085363,
		4.133297223142845,
		5.176209711549241,
		6.3448429699880275,
		7.612436463946274,
		8.939644970925313,
		10.275681867591135,
		11.560984439836067,
		12.731300560111983,
		13.722856229737932,
		14.478049049433427,
		14.950969714437925,
		15.11201819474779,
		14.950969714437925,
		14.478049049433427,
		13.722856229737932,
		12.731300560111983,
		11.560984439836067,
		10.275681867591135,
		8.939644970925313,
		7.612436463946274,
		6.3448429699880275,
		5.176209711549241,
		4.133297223142845,
		3.2305405539085363,
		2.4714256292370282,
		1.8506047939508234,
		1.356355733468589,
		0.9730324414377037,
		0.6832424174242602,
		0.4695870471275011,
		0.0,
		0.0,
		0.0,
		0.0,
		0.0,
		0.0,
		0.0,
		0.0,
		0.0,
		0.0
	],
	[
		17.592889221157073,
		19.087481350131696,
		0.2632984985492617,
		0.3913932272375008,
		0.5694715311613453,
		0.8110068405649254,
		1.1305006197503111,
		1.542449237210197,
		2.0598933867993017,
		2.6926034285877045,
		3.445036546884209,
		4.314287279119251,
		5.2883242447369225,
		6.3448429699880275,
		7.451049846734667,
		8.564615043843759,
		9.635894000120027,
		10.611333603926841,
		11.437779256324,
		12.067220286896022,
		12.461392030847806,
		12.59562334075244,
		12.461392030847806,
		12.067220286896022,
		11.437779256324,
		10.611333603926841,
		9.635894000120027,
		8.564615043843759,
		7.451049846734667,
		6.3448429699880275,
		5.2883242447369225,
		4.314287279119251,
		3.445036546884209,
		2.6926034285877045,
		2.0598933867993017,
		1.542449237210197,
		1.1305006197503111,
		0.8110068405649254,
		0.5694715311613453,
		0.3913932272375008,
		0.0,
		0.0,
		0.0,
		0.0,
		0.0,
		0.0,
		0.0,
		0.0,
		0.0,
		0.0
	],
	[
		15.976706736855185,
		17.333997164576594,
		0.21480251783592888,
		0.3193039502229279,
		0.4645826672135484,
		0.6616304775582106,
		0.9222778742584132,
		1.2583511930846425,
		1.6804892105196927,
		2.196662719996797,
		2.8105079534628343,
		3.519654594798042,
		4.314287279119251,
		5.176209711549241,
		6.078668417853411,
		6.9871301425933385,
		7.8610941734582385,
		8.65687114920648,
		9.331096820707042,
		9.844603426103873,
		10.166174128280819,
		10.275681867591135,
		10.166174128280819,
		9.844603426103873,
		9.331096820707042,
		8.65687114920648,
		7.8610941734582385,
		6.9871301425933385,
		6.078668417853411,
		5.176209711549241,
		4.314287279119251,
		3.519654594798042,
		2.8105079534628343,
		2.196662719996797,
		1.6804892105196927,
		1.2583511930846425,
		0.9222778742584132,
		0.6616304775582106,
		0.4645826672135484,
		0.3193039502229279,
		0.0,
		0.0,
		0.0,
		0.0,
		0.0,
		0.0,
		0.0,
		0.0,
		0.0,
		0.0
	],
	[
		14.295485590682294,
		15.509949001161198,
		0.17152370169901887,
		0.25496998853239267,
		0.3709776758135487,
		0.5283239219493533,
		0.7364555899141574,
		1.004816223058037,
		1.3419010771268833,
		1.7540749750702604,
		2.244241513969098,
		2.8105079534628343,
		3.445036546884209,
		4.133297223142845,
		4.85392684841583,
		5.579349992656106,
		6.277226103401906,
		6.912668434256923,
		7.451049846734667,
		7.8610941734582385,
		8.117874204488754,
		8.205318118091032,
		8.117874204488754,
		7.8610941734582385,
		7.451049846734667,
		6.912668434256923,
		6.277226103401906,
		5.579349992656106,
		4.85392684841583,
		4.133297223142845,
		3.445036546884209,
		2.8105079534628343,
		2.244241513969098,
		1.7540749750702604,
		1.3419010771268833,
		1.004816223058037,
		0.7364555899141574,
		0.5283239219493533,
		0.3709776758135487,
		0.25496998853239267,
		0.0,
		0.0,
		0.0,
		0.0,
		0.0,
		0.0,
		0.0,
		0.0,
		0.0,
		0.0
	],
	[
		12.602947115228563,
		13.67362205233052,
		0.13406107627407882,
		0.19928179453718955,
		0.2899521523881916,
		0.4129322822227656,
		0.5756057503073249,
		0.7853535283257346,
		1.0488154165926828,
		1.3709660921146742,
		1.7540749750702604,
		2.196662719996797,
		2.6926034285877045,
		3.2305405539085363,
		3.793776900851457,
		4.360759810546519,
		4.906212255811027,
		5.402867131730256,
		5.82366024013329,
		6.144146465746017,
		6.3448429699880275,
		6.4131881902405,
		6.3448429699880275,
		6.144146465746017,
		5.82366024013329,
		5.402867131730256,
		4.906212255811027,
		4.360759810546519,
		3.793776900851457,
		3.2305405539085363,
		2.6926034285877045,
		2.196662719996797,
		1.7540749750702604,
		1.3709660921146742,
		1.0488154165926828,
		0.7853535283257346,
		0.5756057503073249,
		0.4129322822227656,
		0.2899521523881916,
		0.19928179453718955,
		0.0,
		0.0,
		0.0,
		0.0,
		0.0,
		0.0,
		0.0,
		0.0,
		0.0,
		0.0
	],
	[
		10.947296196457309,
		11.877316417871675,
		0.10255930060559114,
		0.15245440391196582,
		0.2218189707594383,
		0.31590113431325584,
		0.44034946471252606,
		0.6008105471908282,
		0.8023639566356774,
		1.0488154165926828,
		1.3419010771268833,
		1.6804892105196927,
		2.0598933867993017,
		2.4714256292370282,
		2.9023122625803035,
		3.3360650884547294,
		3.753346695127567,
		4.133297223142845,
		4.455212040604388,
		4.700390164382604,
		4.85392684841583,
		4.906212255811027,
		4.85392684841583,
		4.700390164382604,
		4.455212040604388,
		4.133297223142845,
		3.753346695127567,
		3.3360650884547294,
		2.9023122625803035,
		2.4714256292370282,
		2.0598933867993017,
		1.6804892105196927,
		1.3419010771268833,
		1.0488154165926828,
		0.8023639566356774,
		0.6008105471908282,
		0.44034946471252606,
		0.31590113431325584,
		0.2218189707594383,
		0.15245440391196582,
		0.0,
		0.0,
		0.0,
		0.0,
		0.0,
		0.0,
		0.0,
		0.0,
		0.0,
		0.0
	],
	[
		9.369214391346905,
		10.165169729208227,
		0.07679645752623519,
		0.11415793677979232,
		0.16609816043842768,
		0.23654693334028945,
		0.32973390773739686,
		0.4498872495834785,
		0.6008105471908282,
		0.7853535283257346,
		1.004816223058037,
		1.2583511930846425,
		1.542449237210197,
		1.8506047939508234,
		2.173252928647302,
		2.4980472697987843,
		2.8105079534628343,
		3.0950151060516387,
		3.3360650884547294,
		3.519654594798042,
		3.634622943494384,
		3.673774283690324,
		3.634622943494384,
		3.519654594798042,
		3.3360650884547294,
		3.0950151060516387,
		2.8105079534628343,
		2.4980472697987843,
		2.173252928647302,
		1.8506047939508234,
		1.542449237210197,
		1.2583511930846425,
		1.004816223058037,
		0.7853535283257346,
		0.6008105471908282,
		0.4498872495834785,
		0.32973390773739686,
		0.23654693334028945,
		0.16609816043842768,
		0.11415793677979232,
		0.0,
		0.0,
		0.0,
		0.0,
		0.0,
