[
	[
		0.006209573111314259,
		0.008504054205575519,
		0.011477266551637813,
		0.01526508016684561,
		0.02000819374390156,
		0.025844304666039757,
		0.03289803765172391,
		0.04126893940274607,
		0.0510181604796223,
		0.062154768976173724,
		0.07462292890293476,
		0.08829137866325454,
		0.10294671172103399,
		0.11829185252515656,
		0.13395081504081596,
		0.14948033450317277,
		0.16438831156908576,
		0.17815826798242096,
		0.19027827353929777,
		0.20027216645807677,
		0.20773045038357935,
		0.21233808819060676,
		0.21389656794024195,
		0.21233808819060676,
		0.20773045038357935,
		0.20027216645807677,
		0.19027827353929777,
		0.17815826798242096,
		0.16438831156908576,
		0.14948033450317277,
		0.13395081504081596,
		0.11829185252515656,
		0.10294671172103399,
		0.08829137866325454,
		0.07462292890293476,
		0.062154768976173724,
		0.0510181604796223,
		0.04126893940274607,
		0.03289803765172391,
		0.025844304666039757,
		0.02000819374390156,
		0.01526508016684561,
		0.011477266551637813,
		0.008504054205575519,
		0.006209573111314259,
		0.004468334151720188,
		0.003168675126417059,
		0.0022144096204527904,
		0.0,
		0.0,
		0.0,
		0.0,
		0.0,
		0.0,
		0.0,
		0.0,
		0.0,
		0.0,
		0.0,
		0.0,
		0.0,
		0.0,
		0.0,
		0.0,
		0.0,
		0.0,
		0.0,
		0.0,
		0.0,
		0.0,
		0.0,
		0.0,
		0.0,
		0.0,
		0.0,
		0.0,
		0.0,
		0.0,
		0.0,
		0.0,
		0.0,
		0.0,
		0.0,
		0.0,
		0.0,
		0.0,
		0.0,
		0.0,
		0.0,
		0.0,
		0.0,
		0.0,
		0.0,
		0.0,
		0.0,
		0.0,
		0.0,
		0.0,
		0.0,
		0.0
	],
	[
		0.00901640324672471,
		0.012348027887740812,
		0.01666518157442382,
		0.02216514982762301,
		0.029052229484971614,
		0.03752635943292788,
		0.047768496831675916,
		0.059923185144856166,
		0.07407921600153757,
		0.09024975642449364,
		0.10835373163005123,
		0.12820054760071573,
		0.14948033450317277,
		0.17176173370525993,
		0.19449880724245344,
		0.21704792731728462,
		0.23869455751385638,
		0.258688762829876,
		0.27628721211042856,
		0.2907985105435066,
		0.30162806262307973,
		0.3083184292132272,
		0.3105813676830167,
		0.3083184292132272,
		0.30162806262307973,
		0.2907985105435066,
		0.27628721211042856,
		0.258688762829876,
		0.23869455751385638,
		0.21704792731728462,
		0.19449880724245344,
		0.17176173370525993,
		0.14948033450317277,
		0.12820054760071573,
		0.10835373163005123,
		0.09024975642449364,
		0.07407921600153757,
		0.059923185144856166,
		0.047768496831675916,
		0.03752635943292788,
		0.029052229484971614,
		0.02216514982762301,
		0.01666518157442382,
		0.012348027887740812,
		0.00901640324672471,
		0.00648809536997202,
		0.0046009688887608145,
		0.003215359531728441,
		0.0,
		0.0,
		0.0,
		0.0,
		0.0,
		0.0,
		0.0,
		0.0,
		0.0,
		0.0,
		0.0,
		0.0,
		0.0,
		0.0,
		0.0,
		0.0,
		0.0,
		0.0,
		0.0,
		0.0,
		0.0,
		0.0,
		0.0,
		0.0,
		0.0,
		0.0,
		0.0,
		0.0,
		0.0,
		0.0,
		0.0,
		0.0,
		0.0,
		0.0,
		0.0,
		0.0,
		0.0,
		0.0,
		0.0,
		0.0,
		0.0,
		0.0,
		0.0,
		0.0,
		0.0,
		0.0,
		0.0,
		0.0,
		0.0,
		0.0,
		0.0,
		0.0
	],
	[
		0.012901882485409702,
		0.017669219130373934,
		0.023846783289038956,
		0.0317168776198395,
		0.04157183751629773,
		0.053697762429243345,
		0.06835359020248193,
		0.08574615306510677,
		0.10600250602259936,
		0.12914149022212854,
		0.15504709295853275,
		0.1834465866763944,
		0.21389656794024195,
		0.24577979080078308,
		0.27831505378888777,
		0.3105813676830167,
		0.34155627767306646,
		0.3701666758903544,
		0.39534890413925294,
		0.41611362172908467,
		0.4316100014358191,
		0.44118347781751827,
		0.4444215945487706,
		0.44118347781751827,
		0.4316100014358191,
		0.41611362172908467,
		0.39534890413925294,
		0.3701666758903544,
		0.34155627767306646,
		0.3105813676830167,
		0.27831505378888777,
		0.24577979080078308,
		0.21389656794024195,
		0.1834465866763944,
		0.15504709295853275,
		0.12914149022212854,
		0.10600250602259936,
		0.08574615306510677,
		0.06835359020248193,
		0.053697762429243345,
		0.04157183751629773,
		0.0317168776198395,
		0.023846783289038956,
		0.017669219130373934,
		0.012901882485409702,
		0.009284039514084257,
		0.006583685123375729,
		0.0046009688887608145,
		0.0,
		0.0,
		0.0,
		0.0,
		0.0,
		0.0,
		0.0,
		0.0,
		0.0,
		0.0,
		0.0,
		0.0,
		0.0,
		0.0,
		0.0,
		0.0,
		0.0,
		0.0,
		0.0,
		0.0,
		0.0,
		0.0,
		0.0,
		0.0,
		0.0,
		0.0,
		0.0,
		0.0,
		0.0,
		0.0,
		0.0,
		0.0,
		0.0,
		0.0,
		0.0,
		0.0,
		0.0,
		0.0,
		0.0,
		0.0,
		0.0,
		0.0,
		0.0,
		0.0,
		0.0,
		0.0,
		0.0,
		0.0,
		0.0,
		0.0,
		0.0,
		0.0
	],
	[
		0.018193699205832962,
		0.02491639948073548,
		0.033627744065883224,
		0.04472582445361274,
		0.05862287988288589,
		0.07572235592509415,
		0.09638939598070881,
		0.1209156662749068,
		0.14948033450317277,
		0.18210996966926818,
		0.21864097547132375,
		0.258688762829876,
		0.30162806262307973,
		0.3465884602311967,
		0.39246833776516493,
		0.43796895444917544,
		0.48164848694561635,
		0.5219936830759551,
		0.5575046161984044,
		0.5867861591322127,
		0.6086385106384777,
		0.622138629697828,
		0.6267048875186078,
		0.622138629697828,
		0.6086385106384777,
		0.5867861591322127,
		0.5575046161984044,
		0.5219936830759551,
		0.48164848694561635,
		0.43796895444917544,
		0.39246833776516493,
		0.3465884602311967,
		0.30162806262307973,
		0.258688762829876,
		0.21864097547132375,
		0.18210996966926818,
		0.14948033450317277,
		0.1209156662749068,
		0.09638939598070881,
		0.07572235592509415,
		0.05862287988288589,
		0.04472582445361274,
		0.033627744065883224,
		0.02491639948073548,
		0.018193699205832962,
		0.013091967201323693,
		0.009284039514084257,
		0.00648809536997202,
		0.0,
		0.0,
		0.0,
		0.0,
		0.0,
		0.0,
		0.0,
		0.0,
		0.0,
		0.0,
		0.0,
		0.0,
		0.0,
		0.0,
		0.0,
		0.0,
		0.0,
		0.0,
		0.0,
		0.0,
		0.0,
		0.0,
		0.0,
		0.0,
		0.0,
		0.0,
		0.0,
		0.0,
		0.0,
		0.0,
		0.0,
		0.0,
		0.0,
		0.0,
		0.0,
		0.0,
		0.0,
		0.0,
		0.0,
		0.0,
		0.0,
		0.0,
		0.0,
		0.0,
		0.0,
		0.0,
		0.0,
		0.0,
		0.0,
		0.0,
		0.0,
		0.0
	],
	[
		0.025283495268675824,
		0.03462592523139226,
		0.04673194265591762,
		0.062154768976173724,
		0.08146728652521101,
		0.10523015721570801,
		0.13395081504081596,
		0.16803458392838846,
		0.20773045038357935,
		0.25307533692958195,
		0.3038418963800164,
		0.3594956713900081,
		0.4191677353765147,
		0.48164848694561635,
		0.5454070251864603,
		0.6086385106384777,
		0.669339264273982,
		0.7254063435377842,
		0.7747553241617943,
		0.8154474200269998,
		0.8458152863782781,
		0.8645761877486937,
		0.8709218438300159,
		0.8645761877486937,
		0.8458152863782781,
		0.8154474200269998,
		0.7747553241617943,
		0.7254063435377842,
		0.669339264273982,
		0.6086385106384777,
		0.5454070251864603,
		0.48164848694561635,
		0.4191677353765147,
		0.3594956713900081,
		0.3038418963800164,
		0.25307533692958195,
		0.20773045038357935,
		0.16803458392838846,
		0.13395081504081596,
		0.10523015721570801,
		0.08146728652521101,
		0.062154768976173724,
		0.04673194265591762,
		0.03462592523139226,
		0.025283495268675824,
		0.018193699205832962,
		0.012901882485409702,
		0.00901640324672471,
		0.0,
		0.0,
		0.0,
		0.0,
		0.0,
		0.0,
		0.0,
		0.0,
		0.0,
		0.0,
		0.0,
		0.0,
		0.0,
		0.0,
		0.0,
		0.0,
		0.0,
		0.0,
		0.0,
		0.0,
		0.0,
		0.0,
		0.0,
		0.0,
		0.0,
		0.0,
		0.0,
		0.0,
		0.0,
		0.0,
		0.0,
		0.0,
		0.0,
		0.0,
		0.0,
		0.0,
		0.0,
		0.0,
		0.0,
		0.0,
		0.0,
		0.0,
		0.0,
		0.0,
		0.0,
		0.0,
		0.0,
		0.0,
		0.0,
		0.0,
		0.0,
		0.0
	],
	[
		0.03462592523139226,
		0.04742044900790963,
		0.06399972531987114,
		0.08512139482588899,
		0.11157002392470647,
		0.14411344306311136,
		0.1834465866763944,
		0.23012454874468816,
		0.2844883180442466,
		0.3465884602311967,
		0.41611362172908467,
		0.49233185943169266,
		0.5740531722503158,
		0.6596210025381342,
		0.7469387706920284,
		0.8335347363314777,
		0.9166648468853026,
		0.9934491076807695,
		1.0610328849700355,
		1.1167609974783916,
		1.1583500047949162,
		1.1840431916435856,
		1.1927336124371146,
		1.1840431916435856,
		1.1583500047949162,
		1.1167609974783916,
		1.0610328849700355,
		0.9934491076807695,
		0.9166648468853026,
		0.8335347363314777,
		0.7469387706920284,
		0.6596210025381342,
		0.5740531722503158,
		0.49233185943169266,
		0.41611362172908467,
		0.3465884602311967,
		0.2844883180442466,
		0.23012454874468816,
		0.1834465866763944,
		0.14411344306311136,
		0.11157002392470647,
		0.08512139482588899,
		0.06399972531987114,
		0.04742044900790963,
		0.03462592523139226,
		0.02491639948073548,
		0.017669219130373934,
		0.012348027887740812,
		0.0,
		0.0,
		0.0,
		0.0,
		0.0,
		0.0,
		0.0,
		0.0,
		0.0,
		0.0,
		0.0,
		0.0,
		0.0,
		0.0,
		0.0,
		0.0,
		0.0,
		0.0,
		0.0,
		0.0,
		0.0,
		0.0,
		0.0,
		0.0,
		0.0,
		0.0,
		0.0,
		0.0,
		0.0,
		0.0,
		0.0,
		0.0,
		0.0,
		0.0,
		0.0,
		0.0,
		0.0,
		0.0,
		0.0,
		0.0,
		0.0,
		0.0,
		0.0,
		0.0,
		0.0,
		0.0,
		0.0,
		0.0,
		0.0,
		0.0,
		0.0,
		0.0
	],
	[
		0.04673194265591762,
		0.06399972531987114,
		0.0863754967890699,
		0.11488178626888408,
		0.15057746256096508,
		0.19449880724245344,
		0.2475837197618873,
		0.3105813676830167,
		0.38395195727706005,
		0.46776373311298325,
		0.5615964852647465,
		0.6644623665329294,
		0.7747553241617943,
		0.8902396299667492,
		1.0080856920413899,
		1.1249575928917872,
		1.237151896247453,
		1.340781695260524,
		1.4319943107688864,
		1.5072062492415643,
		1.5633357271412722,
		1.5980118412504551,
		1.6097406324225332,
		1.5980118412504551,
		1.5633357271412722,
		1.5072062492415643,
		1.4319943107688864,
		1.340781695260524,
		1.237151896247453,
		1.1249575928917872,
		1.0080856920413899,
		0.8902396299667492,
		0.7747553241617943,
		0.6644623665329294,
		0.5615964852647465,
		0.46776373311298325,
		0.38395195727706005,
		0.3105813676830167,
		0.2475837197618873,
		0.19449880724245344,
		0.15057746256096508,
		0.11488178626888408,
		0.0863754967890699,
		0.06399972531987114,
		0.04673194265591762,
		0.033627744065883224,
		0.023846783289038956,
		0.01666518157442382,
		0.0,
		0.0,
		0.0,
		0.0,
		0.0,
		0.0,
		0.0,
		0.0,
		0.0,
		0.0,
		0.0,
		0.0,
		0.0,
		0.0,
		0.0,
		0.0,
		0.0,
		0.0,
		0.0,
		0.0,
		0.0,
		0.0,
		0.0,
		0.0,
		0.0,
		0.0,
		0.0,
		0.0,
		0.0,
		0.0,
		0.0,
		0.0,
		0.0,
		0.0,
		0.0,
		0.0,
		0.0,
		0.0,
		0.0,
		0.0,
		0.0,
		0.0,
		0.0,
		0.0,
		0.0,
		0.0,
		0.0,
		0.0,
		0.0,
		0.0,
		0.0,
		0.0
	],
	[
		0.062154768976173724,
		0.08512139482588899,
		0.11488178626888408,
		0.15279593527037927,
		0.20027216645807677,
		0.258688762829876,
		0.3292931564468833,
		0.41308176077284325,
		0.5106666628052849,
		0.622138629697828,
		0.7469387706920284,
		0.8837532218444205,
		1.0304458888194572,
		1.1840431916435856,
		1.340781695260524,
		1.4962245376573806,
		1.6454460467407641,
		1.7832765295034814,
		1.9045918167017322,
		2.004625763384398,
		2.079279512690235,
		2.1253996981342005,
		2.1409993129637797,
		2.1253996981342005,
		2.079279512690235,
		2.004625763384398,
		1.9045918167017322,
		1.7832765295034814,
		1.6454460467407641,
		1.4962245376573806,
		1.340781695260524,
		1.1840431916435856,
		1.0304458888194572,
		0.8837532218444205,
		0.7469387706920284,
		0.622138629697828,
		0.5106666628052849,
		0.41308176077284325,
		0.3292931564468833,
		0.258688762829876,
		0.20027216645807677,
		0.15279593527037927,
		0.11488178626888408,
		0.08512139482588899,
		0.062154768976173724,
		0.04472582445361274,
		0.0317168776198395,
		0.02216514982762301,
		0.0,
		0.0,
		0.0,
		0.0,
		0.0,
		0.0,
		0.0,
		0.0,
		0.0,
		0.0,
		0.0,
		0.0,
		0.0,
		0.0,
		0.0,
		0.0,
		0.0,
		0.0,
		0.0,
		0.0,
		0.0,
		0.0,
		0.0,
		0.0,
		0.0,
		0.0,
		0.0,
		0.0,
		0.0,
		0.0,
		0.0,
		0.0,
		0.0,
		0.0,
		0.0,
		0.0,
		0.0,
		0.0,
		0.0,
		0.0,
		0.0,
		0.0,
		0.0,
		0.0,
		0.0,
		0.0,
		0.0,
		0.0,
		0.0,
		0.0,
		0.0,
		0.0
	],
	[
		0.08146728652521101,
		0.11157002392470647,
		0.15057746256096508,
		0.20027216645807677,
		0.26250005006243815,
		0.3390676517580265,
		0.4316100014358191,
		0.5414331147481248,
		0.669339264273982,
		0.8154474200269998,
		0.9790250346209612,
		1.1583500047949162,
		1.3506225162764371,
		1.5519450484777817,
		1.7573848046546379,
		1.9611263161819719,
		2.1567134229553964,
		2.337370122611745,
		2.496380081539544,
		2.627496234505512,
		2.7253461418426506,
		2.785796633800874,
		2.806243307675431,
		2.785796633800874,
		2.7253461418426506,
		2.627496234505512,
		2.496380081539544,
		2.337370122611745,
		2.1567134229553964,
		1.9611263161819719,
		1.7573848046546379,
		1.5519450484777817,
		1.3506225162764371,
		1.1583500047949162,
		0.9790250346209612,
		0.8154474200269998,
		0.669339264273982,
		0.5414331147481248,
		0.4316100014358191,
		0.3390676517580265,
		0.26250005006243815,
		0.20027216645807677,
		0.15057746256096508,
		0.11157002392470647,
		0.08146728652521101,
		0.05862287988288589,
		0.04157183751629773,
		0.029052229484971614,
		0.0,
		0.0,
		0.0,
		0.0,
		0.0,
		0.0,
		0.0,
		0.0,
		0.0,
		0.0,
		0.0,
		0.0,
		0.0,
		0.0,
		0.0,
		0.0,
		0.0,
		0.0,
		0.0,
		0.0,
		0.0,
		0.0,
		0.0,
		0.0,
		0.0,
		0.0,
		0.0,
		0.0,
		0.0,
		0.0,
		0.0,
		0.0,
		0.0,
		0.0,
		0.0,
		0.0,
		0.0,
		0.0,
		0.0,
		0.0,
		0.0,
		0.0,
		0.0,
		0.0,
		0.0,
		0.0,
		0.0,
		0.0,
		0.0,
		0.0,
		0.0,
		0.0
	],
	[
		0.10523015721570801,
		0.14411344306311136,
		0.19449880724245344,
		0.258688762829876,
		0.3390676517580265,
		0.43796895444917544,
		0.5575046161984044,
		0.6993615991997484,
		0.8645761877486937,
		1.053302053751721,
		1.2645929759719703,
		1.4962245376573806,
		1.744580257780674,
		2.004625763384398,
		2.26998942974583,
		2.533159497190664,
		2.785796633800874,
		3.0191483718758327,
		3.22453931700885,
		3.393900222209221,
		3.520291582125733,
		3.598374639066168,
		3.624785322398454,
		3.598374639066168,
		3.520291582125733,
		3.393900222209221,
		3.22453931700885,
		3.0191483718758327,
		2.785796633800874,
		2.533159497190664,
		2.26998942974583,
		2.004625763384398,
		1.744580257780674,
		1.4962245376573806,
		1.2645929759719703,
		1.053302053751721,
		0.8645761877486937,
		0.6993615991997484,
		0.5575046161984044,
		0.43796895444917544,
		0.3390676517580265,
		0.258688762829876,
		0.19449880724245344,
		0.14411344306311136,
		0.10523015721570801,
		0.07572235592509415,
		0.053697762429243345,
		0.03752635943292788,
		0.0,
		0.0,
		0.0,
		0.0,
		0.0,
		0.0,
		0.0,
		0.0,
		0.0,
		0.0,
		0.0,
		0.0,
		0.0,
		0.0,
		0.0,
		0.0,
		0.0,
		0.0,
		0.0,
		0.0,
		0.0,
		0.0,
		0.0,
		0.0,
		0.0,
		0.0,
		0.0,
		0.0,
		0.0,
		0.0,
		0.0,
		0.0,
		0.0,
		0.0,
		0.0,
		0.0,
		0.0,
		0.0,
		0.0,
		0.0,
		0.0,
		0.0,
		0.0,
		0.0,
		0.0,
		0.0,
		0.0,
		0.0,
		0.0,
		0.0,
		0.0,
		0.0
	],
	[
		0.13395081504081596,
		0.1834465866763944,
		0.2475837197618873,
		0.3292931564468833,
		0.4316100014358191,
		0.5575046161984044,
		0.7096653630927595,
		0.8902396299667492,
		1.1005465360697162,
		1.340781695260524,
		1.6097406324225332,
		1.9045918167017322,
		2.220731714339346,
		2.5517519118281347,
		2.889541765343881,
		3.22453931700885,
		3.5461291659068825,
		3.8431700174401313,
		4.104618686058718,
		4.320203570543272,
		4.48109115375033,
		4.580485561159695,
		4.614104560235147,
		4.580485561159695,
		4.48109115375033,
		4.320203570543272,
		4.104618686058718,
		3.8431700174401313,
		3.5461291659068825,
		3.22453931700885,
		2.889541765343881,
		2.5517519118281347,
		2.220731714339346,
		1.9045918167017322,
		1.6097406324225332,
		1.340781695260524,
		1.1005465360697162,
		0.8902396299667492,
		0.7096653630927595,
		0.5575046161984044,
		0.4316100014358191,
		0.3292931564468833,
		0.2475837197618873,
		0.1834465866763944,
		0.13395081504081596,
		0.09638939598070881,
		0.06835359020248193,
		0.047768496831675916,
		2.3271509484724176e-05,
		1.380842459243953e-05,
		0.0,
		0.0,
		0.0,
		0.0,
		0.0,
		0.0,
		0.0,
		0.0,
		0.0,
		0.0,
		0.0,
		0.0,
		0.0,
		0.0,
		0.0,
		0.0,
		0.0,
		0.0,
		0.0,
		0.0,
		0.0,
		0.0,
		0.0,
		0.0,
		0.0,
		0.0,
		0.0,
		0.0,
		0.0,
		0.0,
		0.0,
		0.0,
		0.0,
		0.0,
		0.0,
		0.0,
		0.0,
		0.0,
		0.0,
		0.0,
		0.0,
		0.0,
		0.0,
		0.0,
		0.0,
		0.0,
		0.0,
		0.0,
		0.0,
		0.0
	],
	[
		0.16803458392838846,
		0.23012454874468816,
		0.3105813676830167,
		0.41308176077284325,
		0.5414331147481248,
		0.6993615991997484,
		0.8902396299667492,
		1.1167609974783916,
		1.3805804707194507,
		1.6819434374718152,
		2.019338944069282,
		2.3892149769702455,
		2.785796633800874,
		3.201044881002451,
		3.624785322398454,
		4.045022961071274,
		4.448441308609571,
		4.821064169335835,
		5.149038420456058,
		5.419478853047481,
		5.621304262584586,
		5.745989565087243,
		5.788162914461871,
		5.745989565087243,
		5.621304262584586,
		5.419478853047481,
		5.149038420456058,
		4.821064169335835,
		4.448441308609571,
		4.045022961071274,
		3.624785322398454,
		3.201044881002451,
		2.785796633800874,
		2.3892149769702455,
		2.019338944069282,
		1.6819434374718152,
		1.3805804707194507,
		1.1167609974783916,
		0.8902396299667492,
		0.6993615991997484,
		0.5414331147481248,
		0.41308176077284325,
		0.3105813676830167,
		0.23012454874468816,
		0.16803458392838846,
		0.1209156662749068,
		0.08574615306510677,
		0.059923185144856166,
		4.303320750095245e-05,
		2.553426115902632e-05,
		0.0,
		0.0,
		0.0,
		0.0,
		0.0,
		0.0,
		0.0,
		0.0,
		0.0,
		0.0,
		0.0,
		0.0,
		0.0,
		0.0,
		0.0,
		0.0,
		0.0,
		0.0,
		0.0,
		0.0,
		0.0,
		0.0,
		0.0,
		0.0,
		0.0,
		0.0,
		0.0,
		0.0,
		0.0,
		0.0,
		0.0,
		0.0,
		0.0,
		0.0,
		0.0,
		0.0,
		0.0,
		0.0,
		0.0,
		0.0,
		0.0,
		0.0,
		0.0,
		0.0,
		0.0,
		0.0,
		0.0,
		0.0,
		0.0,
		0.0
	],
	[
		0.20773045038357935,
		0.2844883180442466,
		0.38395195727706005,
		0.5106666628052849,
		0.669339264273982,
		0.8645761877486937,
		1.1005465360697162,
		1.3805804707194507,
		1.7067236771660443,
		2.079279512690235,
		2.496380081539544,
		2.9536342556764197,
		3.443902891223501,
		3.957247843170636,
		4.48109115375033,
		5.000604172491993,
		5.499324573185483,
		5.959974475558395,
		6.36542814650304,
		6.699756423163564,
		6.949260318384684,
		7.10340081398723,
		7.15553703889382,
		7.10340081398723,
		6.949260318384684,
		6.699756423163564,
		6.36542814650304,
		5.959974475558395,
		5.499324573185483,
		5.000604172491993,
		4.48109115375033,
		3.957247843170636,
		3.443902891223501,
		2.9536342556764197,
		2.496380081539544,
		2.079279512690235,
		1.7067236771660443,
		1.3805804707194507,
		1.1005465360697162,
		0.8645761877486937,
		0.669339264273982,
		0.5106666628052849,
		0.38395195727706005,
		0.2844883180442466,
		0.20773045038357935,
		0.14948033450317277,
		0.10600250602259936,
		0.07407921600153757,
		7.775139603267518e-05,
		4.613470775408192e-05,
		0.0,
		0.0,
		0.0,
		0.0,
		0.0,
		0.0,
		0.0,
		0.0,
		0.0,
		0.0,
		0.0,
		0.0,
		0.0,
		0.0,
		0.0,
		0.0,
		0.0,
		0.0,
		0.0,
		0.0,
		0.0,
		0.0,
		0.0,
		0.0,
		0.0,
		0.0,
		0.0,
		0.0,
		0.0,
		0.0,
		0.0,
		0.0,
		0.0,
		0.0,
		0.0,
		0.0,
		0.0,
		0.0,
		0.0,
		0.0,
		0.0,
		0.0,
		0.0,
		0.0,
		0.0,
		0.0,
		0.0,
		0.0,
		0.0,
		0.0
	],
	[
		0.25307533692958195,
		0.3465884602311967,
		0.46776373311298325,
		0.622138629697828,
		0.8154474200269998,
		1.053302053751721,
		1.340781695260524,
		1.6819434374718152,
		2.079279512690235,
		2.533159497190664,
		3.0413077575932386,
		3.598374639066168,
		4.195662614411027,
		4.821064169335835,
		5.459255739606186,
		6.092171771004458,
		6.699756423163564,
		7.260960276687866,
		7.754919271116362,
		8.162227112141661,
		8.466194499839192,
		8.653981883860535,
		8.717498776353223,
		8.653981883860535,
		8.466194499839192,
		8.162227112141661,
		7.754919271116362,
		7.260960276687866,
		6.699756423163564,
		6.092171771004458,
		5.459255739606186,
		4.821064169335835,
		4.195662614411027,
		3.598374639066168,
		3.0413077575932386,
		2.533159497190664,
		2.079279512690235,
		1.6819434374718152,
		1.340781695260524,
		1.053302053751721,
		0.8154474200269998,
		0.622138629697828,
		0.46776373311298325,
		0.3465884602311967,
		0.25307533692958195,
		0.18210996966926818,
		0.12914149022212854,
		0.09024975642449364,
		0.00013725810164869827,
		8.144371329077599e-05,
		0.0,
		0.0,
		0.0,
		0.0,
		0.0,
		0.0,
		0.0,
		0.0,
		0.0,
		0.0,
		0.0,
		0.0,
		0.0,
		0.0,
		0.0,
		0.0,
		0.0,
		0.0,
		0.0,
		0.0,
		0.0,
		0.0,
		0.0,
		0.0,
		0.0,
		0.0,
		0.0,
		0.0,
		0.0,
		0.0,
		0.0,
		0.0,
		0.0,
		0.0,
		0.0,
		0.0,
		0.0,
		0.0,
		0.0,
		0.0,
		0.0,
		0.0,
		0.0,
		0.0,
		0.0,
		0.0,
		0.0,
		0.0,
		0.0,
		0.0
	],
	[
		0.3038418963800164,
		0.41611362172908467,
		0.5615964852647465,
		0.7469387706920284,
		0.9790250346209612,
		1.2645929759719703,
		1.6097406324225332,
		2.019338944069282,
		2.496380081539544,
		3.0413077575932386,
		3.6513898499698874,
		4.320203570543272,
		5.0373066802953685,
		5.788162914461871,
		6.55437482320523,
		7.314252927340183,
		8.043718212907628,
		8.717498776353223,
		9.31054525580089,
		9.79955848138443,
		10.164501302902423,
		10.389958574122662,
		10.466216866618838,
		10.389958574122662,
		10.164501302902423,
		9.79955848138443,
		9.31054525580089,
		8.717498776353223,
		8.043718212907628,
		7.314252927340183,
		6.55437482320523,
		5.788162914461871,
		5.0373066802953685,
		4.320203570543272,
		3.6513898499698874,
		3.0413077575932386,
		2.496380081539544,
		2.019338944069282,
		1.6097406324225332,
		1.2645929759719703,
		0.9790250346209612,
		0.7469387706920284,
		0.5615964852647465,
		0.41611362172908467,
		0.3038418963800164,
		0.21864097547132375,
		0.15504709295853275,
		0.10835373163005123,
		0.00023675169402318506,
		0.00014047940964884148,
		0.0,
		0.0,
		0.0,
		0.0,
		0.0,
		0.0,
		0.0,
		0.0,
		0.0,
		0.0,
		0.0,
		0.0,
		0.0,
		0.0,
		0.0,
		0.0,
		0.0,
		0.0,
		0.0,
		0.0,
		0.0,
		0.0,
		0.0,
		0.0,
		0.0,
		0.0,
		0.0,
		0.0,
		0.0,
		0.0,
		0.0,
		0.0,
		0.0,
		0.0,
		0.0,
		0.0,
		0.0,
		0.0,
		0.0,
		0.0,
		0.0,
		0.0,
		0.0,
		0.0,
		0.0,
		0.0,
		0.0,
		0.0,
		0.0,
		0.0
	],
	[
		0.3594956713900081,
		0.49233185943169266,
		0.6644623665329294,
		0.8837532218444205,
		1.1583500047949162,
		1.4962245376573806,
		1.9045918167017322,
		2.3892149769702455,
		2.9536342556764197,
		3.598374639066168,
		4.320203570543272,
		5.111521819859569,
		5.959974475558395,
		6.848362710475999,
		7.754919271116362,
		8.653981883860535,
		9.517061056664236,
		10.314255910011466,
		11.015928868331448,
		11.594513125289474,
		12.026301388210554,
		12.293054966478472,
		12.383281253197275,
		12.293054966478472,
		12.026301388210554,
		11.594513125289474,
		11.015928868331448,
		10.314255910011466,
		9.517061056664236,
		8.653981883860535,
		7.754919271116362,
		6.848362710475999,
		5.959974475558395,
		5.111521819859569,
		4.320203570543272,
		3.598374639066168,
		2.9536342556764197,
		2.3892149769702455,
		1.9045918167017322,
		1.4962245376573806,
		1.1583500047949162,
		0.8837532218444205,
		0.6644623665329294,
		0.49233185943169266,
		0.3594956713900081,
		0.258688762829876,
		0.1834465866763944,
		0.12820054760071573,
		0.00039900057070968827,
		0.00023675169402318506,
		0.0,
		0.0,
		0.0,
		0.0,
		0.0,
		0.0,
		0.0,
		0.0,
		0.0,
		0.0,
		0.0,
		0.0,
		0.0,
		0.0,
		0.0,
		0.0,
		0.0,
		0.0,
		0.0,
		0.0,
		0.0,
		0.0,
		0.0,
		0.0,
		0.0,
		0.0,
		0.0,
		0.0,
		0.0,
		0.0,
		0.0,
		0.0,
		0.0,
		0.0,
		0.0,
		0.0,
		0.0,
		0.0,
		0.0,
		0.0,
		0.0,
		0.0,
		0.0,
		0.0,
		0.0,
		0.0,
		0.0,
		0.0,
		0.0,
		0.0
	],
	[
		0.4191677353765147,
		0.5740531722503158,
		0.7747553241617943,
		1.0304458888194572,
		1.3506225162764371,
		1.744580257780674,
		2.220731714339346,
		2.785796633800874,
		3.443902891223501,
		4.195662614411027,
		5.0373066802953685,
		5.959974475558395,
		6.949260318384684,
		7.985110578071291,
		9.042144892406863,
		10.090441351411576,
		11.096781541589504,
		12.026301388210554,
		12.844443825855773,
		13.51906628174201,
		14.022526330735019,
		14.33355787354556,
		14.438760665359771,
		14.33355787354556,
		14.022526330735019,
		13.51906628174201,
		12.844443825855773,
		12.026301388210554,
		11.096781541589504,
		10.090441351411576,
		9.042144892406863,
		7.985110578071291,
		6.949260318384684,
		5.959974475558395,
		5.0373066802953685,
		4.195662614411027,
		3.443902891223501,
		2.785796633800874,
		2.220731714339346,
		1.744580257780674,
		1.3506225162764371,
		1.0304458888194572,
		0.7747553241617943,
		0.5740531722503158,
		0.4191677353765147,
		0.30162806262307973,
		0.21389656794024195,
		0.14948033450317277,
		0.0006570210034358233,
		0.00038985116060252995,
		0.0,
		0.0,
		0.0,
		0.0,
		0.0,
		0.0,
		0.0,
		0.0,
		0.0,
		0.0,
		0.0,
		0.0,
		0.0,
		0.0,
		0.0,
		0.0,
		0.0,
		0.0,
		0.0,
		0.0,
		0.0,
		0.0,
		0.0,
		0.0,
		0.0,
		0.0,
		0.0,
		0.0,
		0.0,
		0.0,
		0.0,
		0.0,
		0.0,
		0.0,
		0.0,
		0.0,
		0.0,
		0.0,
		0.0,
		0.0,
		0.0,
		0.0,
		0.0,
		0.0,
		0.0,
		0.0,
		0.0,
		0.0,
		0.0,
		0.0
	],
	[
		0.48164848694561635,
		0.6596210025381342,
		0.8902396299667492,
		1.1840431916435856,
		1.5519450484777817,
		2.004625763384398,
		2.5517519118281347,
		3.201044881002451,
		3.957247843170636,
		4.821064169335835,
		5.788162914461871,
		6.848362710475999,
		7.985110578071291,
		9.175363711061427,
		10.389958574122662,
		11.594513125289474,
		12.750857445341644,
		13.81893065309654,
		14.759024639204178,
		15.534205688970031,
		16.11271102315858,
		16.470104637560922,
		16.590988859373113,
		16.470104637560922,
		16.11271102315858,
		15.534205688970031,
		14.759024639204178,
		13.81893065309654,
		12.750857445341644,
		11.594513125289474,
		10.389958574122662,
		9.175363711061427,
		7.985110578071291,
		6.848362710475999,
		5.788162914461871,
		4.821064169335835,
		3.957247843170636,
		3.201044881002451,
		2.5517519118281347,
		2.004625763384398,
		1.5519450484777817,
		1.1840431916435856,
		0.8902396299667492,
		0.6596210025381342,
		0.48164848694561635,
		0.3465884602311967,
		0.24577979080078308,
		0.17176173370525993,
		0.0010570859585225805,
		0.0006272344196480781,
		0.0,
		0.0,
		0.0,
		0.0,
		0.0,
		0.0,
		0.0,
		0.0,
		0.0,
		0.0,
		0.0,
		0.0,
		0.0,
		0.0,
		0.0,
		0.0,
		0.0,
		0.0,
		0.0,
		0.0,
		0.0,
		0.0,
		0.0,
		0.0,
		0.0,
		0.0,
		0.0,
		0.0,
		0.0,
		0.0,
		0.0,
		0.0,
		0.0,
		0.0,
		0.0,
		0.0,
		0.0,
		0.0,
		0.0,
		0.0,
		0.0,
		0.0,
		0.0,
		0.0,
		0.0,
		0.0,
		0.0,
		0.0,
		0.0,
		0.0
	],
	[
		0.5454070251864603,
		0.7469387706920284,
		1.0080856920413899,
		1.340781695260524,
		1.7573848046546379,
		2.26998942974583,
		2.889541765343881,
		3.624785322398454,
		4.48109115375033,
		5.459255739606186,
		6.55437482320523,
		7.754919271116362,
		9.042144892406863,
		10.389958574122662,
		11.76533623858895,
		13.129344498207718,
		14.438760665359771,
		15.64822077311826,
		16.712760324794544,
		17.590556480689973,
		18.245641842579424,
		18.650345673973025,
		18.787232024906398,
		18.650345673973025,
		18.245641842579424,
		17.590556480689973,
		16.712760324794544,
		15.64822077311826,
		14.438760665359771,
		13.129344498207718,
		11.76533623858895,
		10.389958574122662,
		9.042144892406863,
		7.754919271116362,
		6.55437482320523,
		5.459255739606186,
		4.48109115375033,
		3.624785322398454,
		2.889541765343881,
		2.26998942974583,
		1.7573848046546379,
		1.340781695260524,
		1.0080856920413899,
		0.7469387706920284,
		0.5454070251864603,
		0.39246833776516493,
		0.27831505378888777,
		0.19449880724245344,
		0.0016617537577269994,
		0.000986021189121341,
		0.0,
		0.0,
		0.0,
		0.0,
		0.0,
		0.0,
		0.0,
		0.0,
		0.0,
		0.0,
		0.0,
		0.0,
		0.0,
		0.0,
		0.0,
		0.0,
		0.0,
		0.0,
		0.0,
		0.0,
		0.0,
		0.0,
		0.0,
		0.0,
		0.0,
		0.0,
		0.0,
		0.0,
		0.0,
		0.0,
		0.0,
		0.0,
		0.0,
		0.0,
		0.0,
		0.0,
		0.0,
		0.0,
		0.0,
		0.0,
		0.0,
		0.0,
		0.0,
		0.0,
		0.0,
		0.0,
		0.0,
		0.0,
		0.0,
		0.0
	],
	[
		0.6086385106384777,
		0.8335347363314777,
		1.1249575928917872,
		1.4962245376573806,
		1.9611263161819719,
		2.533159497190664,
		3.22453931700885,
		4.045022961071274,
		5.000604172491993,
		6.092171771004458,
		7.314252927340183,
		8.653981883860535,
		10.090441351411576,
		11.594513125289474,
		13.129344498207718,
		14.651488360122823,
		16.11271102315858,
		17.462389272006067,
		18.650345673973025,
		19.629908679758884,
		20.0,
		20.0,
		20.0,
		20.0,
		20.0,
		19.629908679758884,
		18.650345673973025,
		17.462389272006067,
		16.11271102315858,
		14.651488360122823,
		13.129344498207718,
		11.594513125289474,
		10.090441351411576,
		8.653981883860535,
		7.314252927340183,
		6.092171771004458,
		5.000604172491993,
		4.045022961071274,
		3.22453931700885,
		2.533159497190664,
		1.9611263161819719,
		1.4962245376573806,
		1.1249575928917872,
		0.8335347363314777,
		0.6086385106384777,
		0.43796895444917544,
		0.3105813676830167,
		0.21704792731728462,
		0.0025523977292586475,
		0.0015144952929468125,
		0.0,
		0.0,
		0.0,
		0.0,
		0.0,
		0.0,
		0.0,
		0.0,
		0.0,
		0.0,
		0.0,
		0.0,
		0.0,
		0.0,
		0.0,
		0.0,
		0.0,
		0.0,
		0.0,
		0.0,
		0.0,
		0.0,
		0.0,
		0.0,
		0.0,
		0.0,
		0.0,
		0.0,
		0.0,
		0.0,
		0.0,
		0.0,
		0.0,
		0.0,
		0.0,
		0.0,
		0.0,
		0.0,
		0.0,
		0.0,
		0.0,
		0.0,
		0.0,
		0.0,
		0.0,
		0.0,
		0.0,
		0.0,
		0.0,
		0.0
	],
	[
		0.669339264273982,
		0.9166648468853026,
		1.237151896247453,
		1.6454460467407641,
		2.1567134229553964,
		2.785796633800874,
		3.5461291659068825,
		4.448441308609571,
		5.499324573185483,
		6.699756423163564,
		8.043718212907628,
		9.517061056664236,
		11.096781541589504,
		12.750857445341644,
		14.438760665359771,
		16.11271102315858,
		17.719664387300487,
		19.20394878649582,
		20.0,
		20.0,
		20.0,
		20.0,
		20.0,
		20.0,
		20.0,
		20.0,
		20.0,
		19.20394878649582,
		17.719664387300487,
		16.11271102315858,
		14.438760665359771,
		12.750857445341644,
		11.096781541589504,
		9.517061056664236,
		8.043718212907628,
		6.699756423163564,
		5.499324573185483,
		4.448441308609571,
		3.5461291659068825,
		2.785796633800874,
		2.1567134229553964,
		1.6454460467407641,
		1.237151896247453,
		0.9166648468853026,
		0.669339264273982,
		0.48164848694561635,
		0.34155627767306646,
		0.23869455751385638,
		0.00383049892005477,
		0.00227287170708532,
		0.0,
		0.0,
		0.0,
		0.0,
		0.0,
		0.0,
		0.0,
		0.0,
		0.0,
		0.0,
		0.0,
		0.0,
		0.0,
		0.0,
		0.0,
		0.0,
		0.0,
		0.0,
		0.0,
		0.0,
		0.0,
		0.0,
		0.0,
		0.0,
		0.0,
		0.0,
		0.0,
		0.0,
		0.0,
		0.0,
		0.0,
		0.0,
		0.0,
		0.0,
		0.0,
		0.0,
		0.0,
		0.0,
		0.0,
		0.0,
		0.0,
		0.0,
		0.0,
		0.0,
		0.0,
		0.0,
		0.0,
		0.0,
		0.0,
		0.0
	],
	[
		0.7254063435377842,
		0.9934491076807695,
		1.340781695260524,
		1.7832765295034814,
		2.337370122611745,
		3.0191483718758327,
		3.8431700174401313,
		4.821064169335835,
		5.959974475558395,
		7.260960276687866,
		8.717498776353223,
		10.314255910011466,
		12.026301388210554,
		13.81893065309654,
		15.64822077311826,
		17.462389272006067,
		19.20394878649582,
		20.0,
		20.0,
		20.0,
		20.0,
		20.0,
		20.0,
		20.0,
		20.0,
		20.0,
		20.0,
		20.0,
		19.20394878649582,
		17.462389272006067,
		15.64822077311826,
		13.81893065309654,
		12.026301388210554,
		10.314255910011466,
		8.717498776353223,
		7.260960276687866,
		5.959974475558395,
		4.821064169335835,
		3.8431700174401313,
		3.0191483718758327,
		2.337370122611745,
		1.7832765295034814,
		1.340781695260524,
		0.9934491076807695,
		0.7254063435377842,
		0.5219936830759551,
		0.3701666758903544,
		0.258688762829876,
		0.005616783102225531,
		0.003332784492131064,
		0.0,
		0.0,
		0.0,
		0.0,
		0.0,
		0.0,
		0.0,
		0.0,
		0.0,
		0.0,
		0.0,
		0.0,
		0.0,
		0.0,
		0.0,
		0.0,
		0.0,
		0.0,
		0.0,
		0.0,
		0.0,
		0.0,
		0.0,
		0.0,
		0.0,
		0.0,
		0.0,
		0.0,
		0.0,
		0.0,
		0.0,
		0.0,
		0.0,
		0.0,
		0.0,
		0.0,
		0.0,
		0.0,
		0.0,
		0.0,
		0.0,
		0.0,
		0.0,
		0.0,
		0.0,
		0.0,
		0.0,
		0.0,
		0.0,
		0.0
	],
	[
		0.7747553241617943,
		1.0610328849700355,
		1.4319943107688864,
		1.9045918167017322,
		2.496380081539544,
		3.22453931700885,
		4.104618686058718,
		5.149038420456058,
		6.36542814650304,
		7.754919271116362,
		9.31054525580089,
		11.015928868331448,
		12.844443825855773,
		14.759024639204178,
		16.712760324794544,
		18.650345673973025,
		20.0,
		20.0,
		20.0,
		20.0,
		20.0,
		20.0,
		20.0,
		20.0,
		20.0,
		20.0,
		20.0,
		20.0,
		20.0,
		18.650345673973025,
		16.712760324794544,
		14.759024639204178,
		12.844443825855773,
		11.015928868331448,
		9.31054525580089,
		7.754919271116362,
		6.36542814650304,
		5.149038420456058,
		4.104618686058718,
		3.22453931700885,
		2.496380081539544,
		1.9045918167017322,
		1.4319943107688864,
		1.0610328849700355,
		0.7747553241617943,
		0.5575046161984044,
		0.39534890413925294,
		0.27628721211042856,
		0.008047208934373575,
		0.004774906321519178,
		0.0,
		0.0,
		0.0,
		0.0,
		0.0,
		0.0,
		0.0,
		0.0,
		0.0,
		0.0,
		0.0,
		0.0,
		0.0,
		0.0,
		0.0,
		0.0,
		0.0,
		0.0,
		0.0,
		0.0,
		0.0,
		0.0,
		0.0,
		0.0,
		0.0,
		0.0,
		0.0,
		0.0,
		0.0,
		0.0,
		0.0,
		0.0,
		0.0,
		0.0,
		0.0,
		0.0,
		0.0,
		0.0,
		0.0,
		0.0,
		0.0,
		0.0,
		0.0,
		0.0,
		0.0,
		0.0,
		0.0,
		0.0,
		0.0,
		0.0
	],
	[
		0.8154474200269998,
		1.1167609974783916,
		1.5072062492415643,
		2.004625763384398,
		2.627496234505512,
		3.393900222209221,
		4.320203570543272,
		5.419478853047481,
		6.699756423163564,
		8.162227112141661,
		9.79955848138443,
		11.594513125289474,
		13.51906628174201,
		15.534205688970031,
		17.590556480689973,
		19.629908679758884,
		20.0,
		20.0,
		20.0,
		20.0,
		20.0,
		20.0,
		20.0,
		20.0,
		20.0,
		20.0,
		20.0,
		20.0,
		20.0,
		19.629908679758884,
		17.590556480689973,
		15.534205688970031,
		13.51906628174201,
		11.594513125289474,
		9.79955848138443,
		8.162227112141661,
		6.699756423163564,
		5.419478853047481,
		4.320203570543272,
		3.393900222209221,
		2.627496234505512,
		2.004625763384398,
		1.5072062492415643,
		1.1167609974783916,
		0.8154474200269998,
		0.5867861591322127,
		0.41611362172908467,
		0.2907985105435066,
		0.011264922694904107,
		0.006684174727657871,
		0.0,
		0.0,
		0.0,
		0.0,
		0.0,
		0.0,
		0.0,
		0.0,
		0.0,
		0.0,
		0.0,
		0.0,
		0.0,
		0.0,
		0.0,
		0.0,
		0.0,
		0.0,
		0.0,
		0.0,
		0.0,
		0.0,
		0.0,
		0.0,
		0.0,
		0.0,
		0.0,
		0.0,
		0.0,
		0.0,
		0.0,
		0.0,
		0.0,
		0.0,
		0.0,
		0.0,
		0.0,
		0.0,
		0.0,
		0.0,
		0.0,
		0.0,
		0.0,
		0.0,
		0.0,
		0.0,
		0.0,
		0.0,
		0.0,
		0.0
	],
	[
		0.8458152863782781,
		1.1583500047949162,
		1.5633357271412722,
		2.079279512690235,
		2.7253461418426506,
		3.520291582125733,
		4.48109115375033,
		5.621304262584586,
		6.949260318384684,
		8.466194499839192,
		10.164501302902423,
		12.026301388210554,
		14.022526330735019,
		16.11271102315858,
		18.245641842579424,
		20.0,
		20.0,
		20.0,
		20.0,
		20.0,
		20.0,
		20.0,
		20.0,
		20.0,
		20.0,
		20.0,
		20.0,
		20.0,
		20.0,
		20.0,
		18.245641842579424,
		16.11271102315858,
		14.022526330735019,
		12.026301388210554,
		10.164501302902423,
		8.466194499839192,
		6.949260318384684,
		5.621304262584586,
		4.48109115375033,
		3.520291582125733,
		2.7253461418426506,
		2.079279512690235,
		1.5633357271412722,
		1.1583500047949162,
		0.8458152863782781,
		0.6086385106384777,
		0.4316100014358191,
		0.30162806262307973,
		0.015407652281028956,
		0.009142312182575585,
		0.0,
		0.0,
		0.0,
		0.0,
		0.0,
		0.0,
		0.0,
		0.0,
		0.0,
		0.0,
		0.0,
		0.0,
		0.0,
		0.0,
		0.0,
		0.0,
		0.0,
		0.0,
		0.0,
		0.0,
		0.0,
		0.0,
		0.0,
		0.0,
		0.0,
		0.0,
		0.0,
		0.0,
		0.0,
		0.0,
		0.0,
		0.0,
		0.0,
		0.0,
		0.0,
		0.0,
		0.0,
		0.0,
		0.0,
		0.0,
		0.0,
		0.0,
		0.0,
		0.0,
		0.0,
		0.0,
		0.0,
		0.0,
		0.0,
		0.0
	],
	[
		0.8645761877486937,
		1.1840431916435856,
		1.5980118412504551,
		2.1253996981342005,
		2.785796633800874,
		3.598374639066168,
		4.580485561159695,
		5.745989565087243,
		7.10340081398723,
		8.653981883860535,
		10.389958574122662,
		12.293054966478472,
		14.33355787354556,
		16.470104637560922,
		18.650345673973025,
		20.0,
		20.0,
		20.0,
		20.0,
		20.0,
		20.0,
		20.0,
		20.0,
		20.0,
		20.0,
		20.0,
		20.0,
		20.0,
		20.0,
		20.0,
		18.650345673973025,
		16.470104637560922,
		14.33355787354556,
		12.293054966478472,
		10.389958574122662,
		8.653981883860535,
		7.10340081398723,
		5.745989565087243,
		4.580485561159695,
		3.598374639066168,
		2.785796633800874,
		2.1253996981342005,
		1.5980118412504551,
		1.1840431916435856,
		0.8645761877486937,
		0.622138629697828,
		0.44118347781751827,
		0.3083184292132272,
		0.020590649044421216,
		0.012217704434940618,
		0.0,
		0.0,
		0.0,
		0.0,
		0.0,
		0.0,
		0.0,
		0.0,
		0.0,
		0.0,
		0.0,
		0.0,
		0.0,
		0.0,
		0.0,
		0.0,
		0.0,
		0.0,
		0.0,
		0.0,
		0.0,
		0.0,
		0.0,
		0.0,
		0.0,
		0.0,
		0.0,
		0.0,
		0.0,
		0.0,
		0.0,
		0.0,
		0.0,
		0.0,
		0.0,
		0.0,
		0.0,
		0.0,
		0.0,
		0.0,
		0.0,
		0.0,
		0.0,
		0.0,
		0.0,
		0.0,
		0.0,
		0.0,
		0.0,
		0.0
	],
	[
		0.8709218438300159,
		1.1927336124371146,
		1.6097406324225332,
		2.1409993129637797,
		2.806243307675431,
		3.624785322398454,
		4.614104560235147,
		5.788162914461871,
		7.15553703889382,
		8.717498776353223,
		10.466216866618838,
		12.383281253197275,
		14.438760665359771,
		16.590988859373113,
		18.787232024906398,
		20.0,
		20.0,
		20.0,
		20.0,
		20.0,
		20.0,
		20.0,
		20.0,
		20.0,
		20.0,
		20.0,
		20.0,
		20.0,
		20.0,
		20.0,
		18.787232024906398,
		16.590988859373113,
		14.438760665359771,
		12.383281253197275,
		10.466216866618838,
		8.717498776353223,
		7.15553703889382,
		5.788162914461871,
		4.614104560235147,
		3.624785322398454,
		2.806243307675431,
		2.1409993129637797,
		1.6097406324225332,
		1.1927336124371146,
		0.8709218438300159,
		0.6267048875186078,
		0.4444215945487706,
		0.3105813676830167,
		0.02688616865291311,
		0.015953225237368487,
		0.0,
		0.0,
		0.0,
		0.0,
		0.0,
		0.0,
		0.0,
		0.0,
		0.0,
		0.0,
		0.0,
		0.0,
		0.0,
		0.0,
		0.0,
		0.0,
		0.0,
		0.0,
		0.0,
		0.0,
		0.0,
		0.0,
		0.0,
		0.0,
		0.0,
		0.0,
		0.0,
		0.0,
		0.0,
		0.0,
		0.0,
		0.0,
		0.0,
		0.0,
		0.0,
		0.0,
		0.0,
		0.0,
		0.0,
		0.0,
		0.0,
		0.0,
		0.0,
		0.0,
		0.0,
		0.0,
		0.0,
		0.0,
		0.0,
		0.0
	],
	[
		0.8645761877486937,
		1.1840431916435856,
		1.5980118412504551,
		2.1253996981342005,
		2.785796633800874,
		3.598374639066168,
		4.580485561159695,
		5.745989565087243,
		7.10340081398723,
		8.653981883860535,
		10.389958574122662,
		12.293054966478472,
		14.33355787354556,
		16.470104637560922,
		18.650345673973025,
		20.0,
		20.0,
		20.0,
		20.0,
		20.0,
		20.0,
		20.0,
		20.0,
		20.0,
		20.0,
		20.0,
		20.0,
		20.0,
		20.0,
		20.0,
		18.650345673973025,
		16.470104637560922,
		14.33355787354556,
		12.293054966478472,
		10.389958574122662,
		8.653981883860535,
		7.10340081398723,
		5.745989565087243,
		4.580485561159695,
		3.598374639066168,
		2.785796633800874,
		2.1253996981342005,
		1.5980118412504551,
		1.1840431916435856,
		0.8645761877486937,
		0.622138629697828,
		0.44118347781751827,
		0.3083184292132272,
		0.034301500257795534,
		0.020353199693738225,
		0.0,
		0.0,
		0.0,
		0.0,
		0.0,
		0.0,
		0.0,
		0.0,
		0.0,
		0.0,
		0.0,
		0.0,
		0.0,
		0.0,
		0.0,
		0.0,
		0.0,
		0.0,
		0.0,
		0.0,
		0.0,
		0.0,
		0.0,
		0.0,
		0.0,
		0.0,
		0.0,
		0.0,
		0.0,
		0.0,
		0.0,
		0.0,
		0.0,
		0.0,
		0.0,
		0.0,
		0.0,
		0.0,
		0.0,
		0.0,
		0.0,
		0.0,
		0.0,
		0.0,
		0.0,
		0.0,
		0.0,
		0.0,
		0.0,
		0.0
	],
	[
		0.8458152863782781,
		1.1583500047949162,
		1.5633357271412722,
		2.079279512690235,
		2.7253461418426506,
		3.520291582125733,
		4.48109115375033,
		5.621304262584586,
		6.949260318384684,
		8.466194499839192,
		10.164501302902423,
		12.026301388210554,
		14.022526330735019,
		16.11271102315858,
		18.245641842579424,
		20.0,
		20.0,
		20.0,
		20.0,
		20.0,
		20.0,
		20.0,
		20.0,
		20.0,
		20.0,
		20.0,
		20.0,
		20.0,
		20.0,
		20.0,
		18.245641842579424,
		16.11271102315858,
		14.022526330735019,
		12.026301388210554,
		10.164501302902423,
		8.466194499839192,
		6.949260318384684,
		5.621304262584586,
		4.48109115375033,
		3.520291582125733,
		2.7253461418426506,
		2.079279512690235,
		1.5633357271412722,
		1.1583500047949162,
		0.8458152863782781,
		0.6086385106384777,
		0.4316100014358191,
		0.30162806262307973,
		0.04275851627604632,
		0.025371269881309184,
		0.0,
		0.0,
		0.0,
		0.0,
		0.0,
		0.0,
		0.0,
		0.0,
		0.0,
		0.0,
		0.0,
		0.0,
		0.0,
		0.0,
		0.0,
		0.0,
		0.0,
		0.0,
		0.0,
		0.0,
		0.0,
		0.0,
		0.0,
		0.0,
		0.0,
		0.0,
