[
	[
		0.0,
		0.0,
		0.0,
		0.0,
		0.0,
		0.0,
		0.0,
		0.0,
		0.0,
		0.0,
		0.0,
		0.0,
		0.0,
		0.0,
		0.0,
		0.0,
		0.0,
		0.0,
		0.0,
		0.0,
		0.0,
		0.0,
		0.0,
		0.0,
		0.0,
		0.0,
		11.360594799250764,
		12.36503780659385,
		13.284008765003867,
		14.086470327102194,
		14.743973527315863,
		15.23232602253833,
		15.533067765108346,
		15.634628768332849,
		15.533067765108346,
		15.23232602253833,
		14.743973527315863,
		14.086470327102194,
		13.284008765003867,
		12.36503780659385,
		0.2989974741209758,
		0.37109547891169925,
		0.4475017328131314,
		0.524317910710711,
		0.5968780110156701,
		0.6601876263279379,
		0.7094798978935358,
		0.7408046907449897,
		0.7515506704046035,
		0.7408046907449897
	],
	[
		0.0,
		0.0,
		0.0,
		0.0,
		0.0,
		0.022866101280332375,
		0.03303506720321147,
		0.04678658466914101,
		0.06495768964721203,
		0.0884103018600782,
		0.11796094797478603,
		0.15428962087351408,
		0.19783277683618491,
		0.24866969355171667,
		0.30641537181866474,
		0.37013598969949474,
		0.4383037224237317,
		0.5088058313646037,
		0.5790180178491235,
		0.6459444241323788,
		0.7064172672187576,
		0.7573393736372009,
		0.7959446045384395,
		0.820046024135912,
		0.8282409301706668,
		0.820046024135912,
		0.7959446045384395,
		0.7573393736372009,
		0.7064172672187576,
		0.6459444241323788,
		0.5790180178491235,
		0.5088058313646037,
		0.4383037224237317,
		0.37013598969949474,
		0.30641537181866474,
		0.24866969355171667,
		0.19783277683618491,
		0.15428962087351408,
		0.11796094797478603,
		0.0884103018600782,
		0.06495768964721203,
		0.04678658466914101,
		0.03303506720321147,
		0.8193803111012866,
		0.9327739532922001,
		1.0317113560216873,
		1.10874308807822,
		1.157696057235837,
		1.1744893881076504,
		1.157696057235837
	],
	[
		0.0,
		0.0,
		0.0,
		0.0,
		0.0,
		0.03303506720321147,
		0.04772635491033021,
		0.06759341917562572,
		0.09384554089711493,
		0.1277279509785081,
		0.17042030016080398,
		0.22290498637380604,
		0.2858125658440322,
		0.35925757247251877,
		0.44268379099821265,
		0.5347421120961755,
		0.6332252598802123,
		0.73508092291067,
		0.8365177297613223,
		0.933207510941397,
		1.0205737134625974,
		1.0941417951849182,
		1.149915465631959,
		1.1847352193947096,
		1.1965745473266203,
		1.1847352193947096,
		1.149915465631959,
		1.0941417951849182,
		1.0205737134625974,
		0.933207510941397,
		0.8365177297613223,
		0.73508092291067,
		0.6332252598802123,
		0.5347421120961755,
		0.44268379099821265,
		0.35925757247251877,
		0.2858125658440322,
		0.22290498637380604,
		0.17042030016080398,
		0.1277279509785081,
		0.09384554089711493,
		0.06759341917562572,
		0.04772635491033021,
		1.244134315343002,
		1.4163094573131907,
		1.5665344702149837,
		1.6834982536051772,
		1.7578276802972344,
		1.7833264125995159,
		1.7578276802972344
	],
	[
		0.0,
		0.0,
		0.0,
		0.0,
		0.0,
		0.04678658466914101,
		0.06759341917562572,
		0.09573055232137426,
		0.132910652731391,
		0.18089730395617046,
		0.24136121030923044,
		0.31569371280522057,
		0.4047878495027336,
		0.5088058313646037,
		0.6269599072339935,
		0.7573393736372009,
		0.8968181312839671,
		1.0410732821238817,
		1.1847352193947096,
		1.3216740851761761,
		1.445408243376468,
		1.5496005328388924,
		1.6285911260357357,
		1.6779053092810237,
		1.6946729978497999,
		1.6779053092810237,
		1.6285911260357357,
		1.5496005328388924,
		1.445408243376468,
		1.3216740851761761,
		1.1847352193947096,
		1.0410732821238817,
		0.8968181312839671,
		0.7573393736372009,
		0.6269599072339935,
		0.5088058313646037,
		0.4047878495027336,
		0.31569371280522057,
		0.24136121030923044,
		0.18089730395617046,
		0.132910652731391,
		0.09573055232137426,
		0.06759341917562572,
		1.8354388826968342,
		2.0894443757603445,
		2.3110674163221403,
		2.4836210331255684,
		2.593277296277151,
		2.6308949105089243,
		2.593277296277151
	],
	[
		0.0,
		0.0,
		0.0,
		0.0,
		0.0,
		0.06495768964721203,
		0.09384554089711493,
		0.132910652731391,
		0.184530864819216,
		0.25115470623682157,
		0.33510175412490334,
		0.4383037224237317,
		0.5620004898178366,
		0.7064172672187576,
		0.8704603544659264,
		1.0514769637114962,
		1.2451268724549565,
		1.445408243376468,
		1.6448660067791199,
		1.8349895733308959,
		2.0067799509353303,
		2.151438734011597,
		2.2611079153424147,
		2.3295748793900386,
		2.352854849874186,
		2.3295748793900386,
		2.2611079153424147,
		2.151438734011597,
		2.0067799509353303,
		1.8349895733308959,
		1.6448660067791199,
		1.445408243376468,
		1.2451268724549565,
		1.0514769637114962,
		0.8704603544659264,
		0.7064172672187576,
		0.5620004898178366,
		0.4383037224237317,
		0.33510175412490334,
		0.25115470623682157,
		0.184530864819216,
		0.132910652731391,
		0.09384554089711493,
		2.6308949105089243,
		2.9949831758507885,
		3.312654842808629,
		3.559991017561024,
		3.7171709200631655,
		3.7710915331442436,
		3.7171709200631655
	],
	[
		0.0,
		0.0,
		0.0,
		0.0,
		0.0,
		0.0884103018600782,
		0.1277279509785081,
		0.18089730395617046,
		0.25115470623682157,
		0.34183271468814735,
		0.456088376863877,
		0.5965508412681236,
		0.7649076378817802,
		0.9614652887621966,
		1.1847352193947096,
		1.4311068676476817,
		1.6946729978497999,
		1.9672648427304948,
		2.2387357211828562,
		2.4975023429769334,
		2.7313166800192725,
		2.928203711376817,
		3.0774683400738043,
		3.1706549203196333,
		3.202339994542182,
		3.1706549203196333,
		3.0774683400738043,
		2.928203711376817,
		2.7313166800192725,
		2.4975023429769334,
		2.2387357211828562,
		1.9672648427304948,
		1.6946729978497999,
		1.4311068676476817,
		1.1847352193947096,
		0.9614652887621966,
		0.7649076378817802,
		0.5965508412681236,
		0.456088376863877,
		0.34183271468814735,
		0.25115470623682157,
		0.18089730395617046,
		0.1277279509785081,
		3.6640212860181287,
		4.171083407303676,
		4.613501591720336,
		4.95796423273087,
		5.176867126267843,
		5.251961830087083,
		5.176867126267843
	],
	[
		0.0,
		0.0,
		0.0,
		0.0,
		0.0,
		0.11796094797478603,
		0.17042030016080398,
		0.24136121030923044,
		0.33510175412490334,
		0.456088376863877,
		0.6085333514672473,
		0.7959446045384395,
		1.0205737134625974,
		1.282829653570644,
		1.5807263026891842,
		1.9094462886024348,
		2.2611079153424147,
		2.624812051125287,
		2.987020543756263,
		3.332278453398642,
		3.6442439174602983,
		3.9069393316172842,
		4.106094822886473,
		4.23042849343228,
		4.272704125494465,
		4.23042849343228,
		4.106094822886473,
		3.9069393316172842,
		3.6442439174602983,
		3.332278453398642,
		2.987020543756263,
		2.624812051125287,
		2.2611079153424147,
		1.9094462886024348,
		1.5807263026891842,
		1.282829653570644,
		1.0205737134625974,
		0.7959446045384395,
		0.6085333514672473,
		0.456088376863877,
		0.33510175412490334,
		0.24136121030923044,
		0.17042030016080398,
		4.95796423273087,
		5.644094488223592,
		6.242751909406673,
		6.708860951993111,
		7.005069033736289,
		7.106683305745045,
		7.005069033736289
	],
	[
		0.0,
		0.0,
		0.0,
		0.0,
		0.0,
		0.15428962087351408,
		0.22290498637380604,
		0.31569371280522057,
		0.4383037224237317,
		0.5965508412681236,
		0.7959446045384395,
		1.0410732821238817,
		1.3348818742731385,
		1.6779053092810237,
		2.067545794891687,
		2.4975023429769334,
		2.9574659156422904,
		3.433180753336397,
		3.9069393316172842,
		4.35852702141519,
		4.766569123501308,
		5.110167378274198,
		5.37065719096517,
		5.533282154732209,
		5.588577499124125,
		5.533282154732209,
		5.37065719096517,
		5.110167378274198,
		4.766569123501308,
		4.35852702141519,
		3.9069393316172842,
		3.433180753336397,
		2.9574659156422904,
		2.4975023429769334,
		2.067545794891687,
		1.6779053092810237,
		1.3348818742731385,
		1.0410732821238817,
		0.7959446045384395,
		0.5965508412681236,
		0.4383037224237317,
		0.31569371280522057,
		0.22290498637380604,
		6.51838045218256,
		7.4204559483164525,
		8.207528353162026,
		8.820335531504146,
		9.209768951992892,
		9.343364204647585,
		9.209768951992892
	],
	[
		0.0,
		0.0,
		0.0,
		0.0,
		0.0,
		0.19783277683618491,
		0.2858125658440322,
		0.4047878495027336,
		0.5620004898178366,
		0.7649076378817802,
		1.0205737134625974,
		1.3348818742731385,
		1.7116082497359968,
		2.151438734011597,
		2.6510423936728653,
		3.202339994542182,
		3.792113112842069,
		4.402082771140425,
		5.009544080337019,
		5.588577499124125,
		6.111776024499646,
		6.55234355245743,
		6.886348022041547,
		7.094868517346231,
		7.165769148673428,
		7.094868517346231,
		6.886348022041547,
		6.55234355245743,
		6.111776024499646,
		5.588577499124125,
		5.009544080337019,
		4.402082771140425,
		3.792113112842069,
		3.202339994542182,
		2.6510423936728653,
		2.151438734011597,
		1.7116082497359968,
		1.3348818742731385,
		1.0205737134625974,
		0.7649076378817802,
		0.5620004898178366,
		0.4047878495027336,
		0.2858125658440322,
		8.326585283876232,
		9.47889736601909,
		10.484304391829905,
		11.267104854378653,
		11.764567469805682,
		11.93522217044959,
		11.764567469805682
	],
	[
		0.0,
		0.0,
		0.0,
		0.0,
		0.0,
		0.24866969355171667,
		0.35925757247251877,
		0.5088058313646037,
		0.7064172672187576,
		0.9614652887621966,
		1.282829653570644,
		1.6779053092810237,
		2.151438734011597,
		2.704292075549043,
		3.332278453398642,
		4.025242519598287,
		4.766569123501308,
		5.533282154732209,
		6.296842268572819,
		7.024669401713763,
		7.682313797412524,
		8.236093580106555,
		8.655926887936843,
		8.918030713682587,
		9.007150618618036,
		8.918030713682587,
		8.655926887936843,
		8.236093580106555,
		7.682313797412524,
		7.024669401713763,
		6.296842268572819,
		5.533282154732209,
		4.766569123501308,
		4.025242519598287,
		3.332278453398642,
		2.704292075549043,
		2.151438734011597,
		1.6779053092810237,
		1.282829653570644,
		0.9614652887621966,
		0.7064172672187576,
		0.5088058313646037,
		0.35925757247251877,
		10.334395508535112,
		11.764567469805682,
		13.012410793035539,
		13.983969878595877,
		14.601386892084989,
		14.813191985255642,
		14.601386892084989
	],
	[
		0.0,
		0.0,
		0.0,
		0.0,
		0.0,
		0.30641537181866474,
		0.44268379099821265,
		0.6269599072339935,
		0.8704603544659264,
		1.1847352193947096,
		1.5807263026891842,
		2.067545794891687,
		2.6510423936728653,
		3.332278453398642,
		4.106094822886473,
		4.95997789552306,
		5.873454176969355,
		6.818212081269309,
		7.759084902748513,
		8.655926887936843,
		9.46628841271424,
		10.148666050279314,
		10.665992376954996,
		10.98896153364587,
		11.098776720278419,
		10.98896153364587,
		10.665992376954996,
		10.148666050279314,
		9.46628841271424,
		8.655926887936843,
		7.759084902748513,
		6.818212081269309,
		5.873454176969355,
		4.95997789552306,
		4.106094822886473,
		3.332278453398642,
		2.6510423936728653,
		2.067545794891687,
		1.5807263026891842,
		1.1847352193947096,
		0.8704603544659264,
		0.6269599072339935,
		0.44268379099821265,
		12.46218334755332,
		14.186818831570147,
		15.691585343580194,
		16.8631824096335,
		17.6077217508698,
		17.863136197013098,
		17.6077217508698
	],
	[
		0.0,
		0.0,
		0.0,
		0.0,
		0.0,
		0.37013598969949474,
		0.5347421120961755,
		0.7573393736372009,
		1.0514769637114962,
		1.4311068676476817,
		1.9094462886024348,
		2.4975023429769334,
		3.202339994542182,
		4.025242519598287,
		4.95997789552306,
		5.991430248262814,
		7.094868517346231,
		8.236093580106555,
		9.37262563753106,
		10.455970424776886,
		11.434850704860807,
		12.259132204610184,
		12.884039143140098,
		13.274171360543779,
		13.406823167621942,
		13.274171360543779,
		12.884039143140098,
		12.259132204610184,
		11.434850704860807,
		10.455970424776886,
		9.37262563753106,
		8.236093580106555,
		7.094868517346231,
		5.991430248262814,
		4.95997789552306,
		4.025242519598287,
		3.202339994542182,
		2.4975023429769334,
		1.9094462886024348,
		1.4311068676476817,
		1.0514769637114962,
		0.7573393736372009,
		0.5347421120961755,
		14.601386892084989,
		16.622065712774294,
		18.385133821415597,
		19.75784208336189,
		20.0,
		20.0,
		20.0
	],
	[
		0.0,
		0.0,
		0.0,
		0.0,
		0.0,
		0.4383037224237317,
		0.6332252598802123,
		0.8968181312839671,
		1.2451268724549565,
		1.6946729978497999,
		2.2611079153424147,
		2.9574659156422904,
		3.792113112842069,
		4.766569123501308,
		5.873454176969355,
		7.094868517346231,
		8.401526378951957,
		9.7529302063323,
		11.098776720278419,
		12.38164049503239,
		13.540800594314554,
		14.516889544644641,
		15.256885235278379,
		15.718867879182545,
		15.875950093413584,
		15.718867879182545,
		15.256885235278379,
		14.516889544644641,
		13.540800594314554,
		12.38164049503239,
		11.098776720278419,
		9.7529302063323,
		8.401526378951957,
		7.094868517346231,
		5.873454176969355,
		4.766569123501308,
		3.792113112842069,
		2.9574659156422904,
		2.2611079153424147,
		1.6946729978497999,
		1.2451268724549565,
		0.8968181312839671,
		0.6332252598802123,
		16.622065712774294,
		18.922385291328567,
		20.0,
		20.0,
		20.0,
		20.0,
		20.0
	],
	[
		0.0,
		0.0,
		0.0,
		0.0,
		0.0,
		0.5088058313646037,
		0.73508092291067,
		1.0410732821238817,
		1.445408243376468,
		1.9672648427304948,
		2.624812051125287,
		3.433180753336397,
		4.402082771140425,
		5.533282154732209,
		6.818212081269309,
		8.236093580106555,
		9.7529302063323,
		11.321710284441743,
		12.884039143140098,
		14.37325435178987,
		15.718867879182545,
		16.851962864349876,
		17.710988474484044,
		18.24728203345234,
		18.429631264169455,
		18.24728203345234,
		17.710988474484044,
		16.851962864349876,
		15.718867879182545,
		14.37325435178987,
		12.884039143140098,
		11.321710284441743,
		9.7529302063323,
		8.236093580106555,
		6.818212081269309,
		5.533282154732209,
		4.402082771140425,
		3.433180753336397,
		2.624812051125287,
		1.9672648427304948,
		1.445408243376468,
		1.0410732821238817,
		0.73508092291067,
		18.385133821415597,
		20.0,
		20.0,
		20.0,
		20.0,
		20.0,
		20.0
	],
	[
		0.0,
		0.0,
		0.0,
		0.0,
		0.0,
		0.5790180178491235,
		0.8365177297613223,
		1.1847352193947096,
		1.6448660067791199,
		2.2387357211828562,
		2.987020543756263,
		3.9069393316172842,
		5.009544080337019,
		6.296842268572819,
		7.759084902748513,
		9.37262563753106,
		11.098776720278419,
		12.884039143140098,
		14.66196011658069,
		16.356678189977252,
		17.887978401950566,
		19.177433773534602,
		20.0,
		20.0,
		20.0,
		20.0,
		20.0,
		19.177433773534602,
		17.887978401950566,
		16.356678189977252,
		14.66196011658069,
		12.884039143140098,
		11.098776720278419,
		9.37262563753106,
		7.759084902748513,
		6.296842268572819,
		5.009544080337019,
		3.9069393316172842,
		2.987020543756263,
		2.2387357211828562,
		1.6448660067791199,
		1.1847352193947096,
		0.8365177297613223,
		19.75784208336189,
		20.0,
		20.0,
		20.0,
		20.0,
		20.0,
		20.0
	],
	[
		0.0,
		0.0,
		0.0,
		0.0,
		0.0,
		0.6459444241323788,
		0.933207510941397,
		1.3216740851761761,
		1.8349895733308959,
		2.4975023429769334,
		3.332278453398642,
		4.35852702141519,
		5.588577499124125,
		7.024669401713763,
		8.655926887936843,
		10.455970424776886,
		12.38164049503239,
		14.37325435178987,
		16.356678189977252,
		18.24728203345234,
		19.95557919019925,
		20.0,
		20.0,
		20.0,
		20.0,
		20.0,
		20.0,
		20.0,
		19.95557919019925,
		18.24728203345234,
		16.356678189977252,
		14.37325435178987,
		12.38164049503239,
		10.455970424776886,
		8.655926887936843,
		7.024669401713763,
		5.588577499124125,
		4.35852702141519,
		3.332278453398642,
		2.4975023429769334,
		1.8349895733308959,
		1.3216740851761761,
		0.933207510941397,
		20.0,
		20.0,
		20.0,
		20.0,
		20.0,
		20.0,
		20.0
	],
	[
		0.0,
		0.0,
		0.0,
		0.0,
		0.0,
		0.7064172672187576,
		1.0205737134625974,
		1.445408243376468,
		2.0067799509353303,
		2.7313166800192725,
		3.6442439174602983,
		4.766569123501308,
		6.111776024499646,
		7.682313797412524,
		9.46628841271424,
		11.434850704860807,
		13.540800594314554,
		15.718867879182545,
		17.887978401950566,
		19.95557919019925,
		20.0,
		20.0,
		20.0,
		20.0,
		20.0,
		20.0,
		20.0,
		20.0,
		20.0,
		19.95557919019925,
		17.887978401950566,
		15.718867879182545,
		13.540800594314554,
		11.434850704860807,
		9.46628841271424,
		7.682313797412524,
		6.111776024499646,
		4.766569123501308,
		3.6442439174602983,
		2.7313166800192725,
		2.0067799509353303,
		1.445408243376468,
		1.0205737134625974,
		20.0,
		20.0,
		20.0,
		20.0,
		20.0,
		20.0,
		20.0
	],
	[
		0.0,
		0.0,
		0.0,
		0.0,
		0.0,
		0.7573393736372009,
		1.0941417951849182,
		1.5496005328388924,
		2.151438734011597,
		2.928203711376817,
		3.9069393316172842,
		5.110167378274198,
		6.55234355245743,
		8.236093580106555,
		10.148666050279314,
		12.259132204610184,
		14.516889544644641,
		16.851962864349876,
		19.177433773534602,
		20.0,
		20.0,
		20.0,
		20.0,
		20.0,
		20.0,
		20.0,
		20.0,
		20.0,
		20.0,
		20.0,
		19.177433773534602,
		16.851962864349876,
		14.516889544644641,
		12.259132204610184,
		10.148666050279314,
		8.236093580106555,
		6.55234355245743,
		5.110167378274198,
		3.9069393316172842,
		2.928203711376817,
		2.151438734011597,
		1.5496005328388924,
		1.0941417951849182,
		20.0,
		20.0,
		20.0,
		20.0,
		20.0,
		20.0,
		20.0
	],
	[
		0.0,
		0.0,
		0.0,
		0.0,
		0.0,
		0.7959446045384395,
		1.149915465631959,
		1.6285911260357357,
		2.2611079153424147,
		3.0774683400738043,
		4.106094822886473,
		5.37065719096517,
		6.886348022041547,
		8.655926887936843,
		10.665992376954996,
		12.884039143140098,
		15.256885235278379,
		17.710988474484044,
		20.0,
		20.0,
		20.0,
		20.0,
		20.0,
		20.0,
		20.0,
		20.0,
		20.0,
		20.0,
		20.0,
		20.0,
		20.0,
		17.710988474484044,
		15.256885235278379,
		12.884039143140098,
		10.665992376954996,
		8.655926887936843,
		6.886348022041547,
		5.37065719096517,
		4.106094822886473,
		3.0774683400738043,
		2.2611079153424147,
		1.6285911260357357,
		1.149915465631959,
		19.75784208336189,
		20.0,
		20.0,
		20.0,
		20.0,
		20.0,
		20.0
	],
	[
		0.0,
		0.0,
		0.0,
		0.0,
		0.0,
		0.820046024135912,
		1.1847352193947096,
		1.6779053092810237,
		2.3295748793900386,
		3.1706549203196333,
		4.23042849343228,
		5.533282154732209,
		7.094868517346231,
		8.918030713682587,
		10.98896153364587,
		13.274171360543779,
		15.718867879182545,
		18.24728203345234,
		20.0,
		20.0,
		20.0,
		20.0,
		20.0,
		20.0,
		20.0,
		20.0,
		20.0,
		20.0,
		20.0,
		20.0,
		20.0,
		18.24728203345234,
		15.718867879182545,
		13.274171360543779,
		10.98896153364587,
		8.918030713682587,
		7.094868517346231,
		5.533282154732209,
		4.23042849343228,
		3.1706549203196333,
		2.3295748793900386,
		1.6779053092810237,
		1.1847352193947096,
		18.385133821415597,
		20.0,
		20.0,
		20.0,
		20.0,
		20.0,
		20.0
	],
	[
		0.0,
		0.0,
		0.0,
		0.0,
		0.0,
		0.8282409301706668,
		1.1965745473266203,
		1.6946729978497999,
		2.352854849874186,
		3.202339994542182,
		4.272704125494465,
		5.588577499124125,
		7.165769148673428,
		9.007150618618036,
		11.098776720278419,
		13.406823167621942,
		15.875950093413584,
		18.429631264169455,
		20.0,
		20.0,
		20.0,
		20.0,
		20.0,
		20.0,
		20.0,
		20.0,
		20.0,
		20.0,
		20.0,
		20.0,
		20.0,
		18.429631264169455,
		15.875950093413584,
		13.406823167621942,
		11.098776720278419,
		9.007150618618036,
		7.165769148673428,
		5.588577499124125,
		4.272704125494465,
		3.202339994542182,
		2.352854849874186,
		1.6946729978497999,
		1.1965745473266203,
		16.622065712774294,
		18.922385291328567,
		20.0,
		20.0,
		20.0,
		20.0,
		20.0
	],
	[
		0.0,
		0.0,
		0.0,
		0.0,
		0.0,
		0.820046024135912,
		1.1847352193947096,
		1.6779053092810237,
		2.3295748793900386,
		3.1706549203196333,
		4.23042849343228,
		5.533282154732209,
		7.094868517346231,
		8.918030713682587,
		10.98896153364587,
		13.274171360543779,
		15.718867879182545,
		18.24728203345234,
		20.0,
		20.0,
		20.0,
		20.0,
		20.0,
		20.0,
		20.0,
		20.0,
		20.0,
		20.0,
		20.0,
		20.0,
		20.0,
		18.24728203345234,
		15.718867879182545,
		13.274171360543779,
		10.98896153364587,
		8.918030713682587,
		7.094868517346231,
		5.533282154732209,
		4.23042849343228,
		3.1706549203196333,
		2.3295748793900386,
		1.6779053092810237,
		1.1847352193947096,
		14.601386892084989,
		16.622065712774294,
		18.385133821415597,
		19.75784208336189,
		20.0,
		20.0,
		20.0
	],
	[
		0.0,
		0.0,
		0.0,
		0.0,
		0.0,
		0.7959446045384395,
		1.149915465631959,
		1.6285911260357357,
		2.2611079153424147,
		3.0774683400738043,
		4.106094822886473,
		5.37065719096517,
		6.886348022041547,
		8.655926887936843,
		10.665992376954996,
		12.884039143140098,
		15.256885235278379,
		17.710988474484044,
		20.0,
		20.0,
		20.0,
		20.0,
		20.0,
		20.0,
		20.0,
		20.0,
		20.0,
		20.0,
		20.0,
		20.0,
		20.0,
		17.710988474484044,
		15.256885235278379,
		12.884039143140098,
		10.665992376954996,
		8.655926887936843,
		6.886348022041547,
		5.37065719096517,
		4.106094822886473,
		3.0774683400738043,
		2.2611079153424147,
		1.6285911260357357,
		1.149915465631959,
		12.46218334755332,
		14.186818831570147,
		15.691585343580194,
		16.8631824096335,
		17.6077217508698,
		17.863136197013098,
		17.6077217508698
	],
	[
		0.0,
		0.0,
		0.0,
		0.0,
		0.0,
		0.7573393736372009,
		1.0941417951849182,
		1.5496005328388924,
		2.151438734011597,
		2.928203711376817,
		3.9069393316172842,
		5.110167378274198,
		6.55234355245743,
		8.236093580106555,
		10.148666050279314,
		12.259132204610184,
		14.516889544644641,
		16.851962864349876,
		19.177433773534602,
		20.0,
		20.0,
		20.0,
		20.0,
		20.0,
		20.0,
		20.0,
		20.0,
		20.0,
		20.0,
		20.0,
		19.177433773534602,
		16.851962864349876,
		14.516889544644641,
		12.259132204610184,
		10.148666050279314,
		8.236093580106555,
		6.55234355245743,
		5.110167378274198,
		3.9069393316172842,
		2.928203711376817,
		2.151438734011597,
		1.5496005328388924,
		1.0941417951849182,
		10.334395508535112,
		11.764567469805682,
		13.012410793035539,
		13.983969878595877,
		14.601386892084989,
		14.813191985255642,
		14.601386892084989
	],
	[
		0.0,
		0.0,
		0.0,
		0.0,
		0.0,
		0.7064172672187576,
		1.0205737134625974,
		1.445408243376468,
		2.0067799509353303,
		2.7313166800192725,
		3.6442439174602983,
		4.766569123501308,
		6.111776024499646,
		7.682313797412524,
		9.46628841271424,
		11.434850704860807,
		13.540800594314554,
		15.718867879182545,
		17.887978401950566,
		19.95557919019925,
		20.0,
		20.0,
		20.0,
		20.0,
		20.0,
		20.0,
		20.0,
		20.0,
		20.0,
		19.95557919019925,
		17.887978401950566,
		15.718867879182545,
		13.540800594314554,
		11.434850704860807,
		9.46628841271424,
		7.682313797412524,
		6.111776024499646,
		4.766569123501308,
		3.6442439174602983,
		2.7313166800192725,
		2.0067799509353303,
		1.445408243376468,
		1.0205737134625974,
		8.326585283876232,
		9.47889736601909,
		10.484304391829905,
		11.267104854378653,
		11.764567469805682,
		11.93522217044959,
		11.764567469805682
	],
	[
		0.0,
		0.0,
		0.0,
		0.0,
		0.0,
		0.6459444241323788,
		0.933207510941397,
		1.3216740851761761,
		1.8349895733308959,
		2.4975023429769334,
		3.332278453398642,
		4.35852702141519,
		5.588577499124125,
		7.024669401713763,
		8.655926887936843,
		10.455970424776886,
		12.38164049503239,
		14.37325435178987,
		16.356678189977252,
		18.24728203345234,
		19.95557919019925,
		20.0,
		20.0,
		20.0,
		20.0,
		20.0,
		20.0,
		20.0,
		19.95557919019925,
		18.24728203345234,
		16.356678189977252,
		14.37325435178987,
		12.38164049503239,
		10.455970424776886,
		8.655926887936843,
		7.024669401713763,
		5.588577499124125,
		4.35852702141519,
		3.332278453398642,
		2.4975023429769334,
		1.8349895733308959,
		1.3216740851761761,
		0.933207510941397,
		6.51838045218256,
		7.4204559483164525,
		8.207528353162026,
		8.820335531504146,
		9.209768951992892,
		9.343364204647585,
		9.209768951992892
	],
	[
		0.0,
		0.0,
		0.0,
		0.0,
		0.0,
		0.5790180178491235,
		0.8365177297613223,
		1.1847352193947096,
		1.6448660067791199,
		2.2387357211828562,
		2.987020543756263,
		3.9069393316172842,
		5.009544080337019,
		6.296842268572819,
		7.759084902748513,
		9.37262563753106,
		11.098776720278419,
		12.884039143140098,
		14.66196011658069,
		16.356678189977252,
		17.887978401950566,
		19.177433773534602,
		20.0,
		20.0,
		20.0,
		20.0,
		20.0,
		19.177433773534602,
		17.887978401950566,
		16.356678189977252,
		14.66196011658069,
		12.884039143140098,
		11.098776720278419,
		9.37262563753106,
		7.759084902748513,
		6.296842268572819,
		5.009544080337019,
		3.9069393316172842,
		2.987020543756263,
		2.2387357211828562,
		1.6448660067791199,
		1.1847352193947096,
		0.8365177297613223,
		11.698062961009363,
		11.923524351425414,
		11.999639691151641,
		11.923524351425414,
		11.698062961009363,
		11.331727970136658,
		10.838051251868453
	],
	[
		0.0,
		0.0,
		0.0,
		0.0,
		0.0,
		0.5088058313646037,
		0.73508092291067,
		1.0410732821238817,
		1.445408243376468,
		1.9672648427304948,
		2.624812051125287,
		3.433180753336397,
		4.402082771140425,
		5.533282154732209,
		6.818212081269309,
		8.236093580106555,
		9.7529302063323,
		11.321710284441743,
		12.884039143140098,
		14.37325435178987,
		15.718867879182545,
		16.851962864349876,
		17.710988474484044,
		18.24728203345234,
		18.429631264169455,
		18.24728203345234,
		17.710988474484044,
		16.851962864349876,
		15.718867879182545,
		14.37325435178987,
		12.884039143140098,
		11.321710284441743,
		9.7529302063323,
		8.236093580106555,
		6.818212081269309,
		5.533282154732209,
		4.402082771140425,
		3.433180753336397,
		2.624812051125287,
		1.9672648427304948,
		1.445408243376468,
		1.0410732821238817,
		0.73508092291067,
		13.541784547029302,
		13.802780712194783,
		13.890892524785642,
		13.802780712194783,
		13.541784547029302,
		13.11771181507607,
		12.546227136206154
	],
	[
		0.0,
		0.0,
		0.0,
		0.0,
		0.0,
		0.4383037224237317,
		0.6332252598802123,
		0.8968181312839671,
		1.2451268724549565,
		1.6946729978497999,
		2.2611079153424147,
		2.9574659156422904,
		3.792113112842069,
		4.766569123501308,
		5.873454176969355,
		7.094868517346231,
		8.401526378951957,
		9.7529302063323,
		11.098776720278419,
		12.38164049503239,
		13.540800594314554,
		14.516889544644641,
		15.256885235278379,
		15.718867879182545,
		15.875950093413584,
		15.718867879182545,
		15.256885235278379,
		14.516889544644641,
		13.540800594314554,
		12.38164049503239,
		11.098776720278419,
		9.7529302063323,
		8.401526378951957,
		7.094868517346231,
		5.873454176969355,
		4.766569123501308,
		3.792113112842069,
		2.9574659156422904,
		2.2611079153424147,
		1.6946729978497999,
		1.2451268724549565,
		0.8968181312839671,
		0.6332252598802123,
		15.477853062746625,
		15.776163841532266,
		15.876872997230123,
		15.776163841532266,
		15.477853062746625,
		14.993150665489127,
		14.339960839846837
	],
	[
		0.0,
		0.0,
		0.0,
		0.0,
		0.0,
		0.37013598969949474,
		0.5347421120961755,
		0.7573393736372009,
		1.0514769637114962,
		1.4311068676476817,
		1.9094462886024348,
		2.4975023429769334,
		3.202339994542182,
		4.025242519598287,
		4.95997789552306,
		5.991430248262814,
		7.094868517346231,
		8.236093580106555,
		9.37262563753106,
		10.455970424776886,
		11.434850704860807,
		12.259132204610184,
		12.884039143140098,
		13.274171360543779,
		13.406823167621942,
		13.274171360543779,
		12.884039143140098,
		12.259132204610184,
		11.434850704860807,
		10.455970424776886,
		9.37262563753106,
		8.236093580106555,
		7.094868517346231,
		5.991430248262814,
		4.95997789552306,
		4.025242519598287,
		3.202339994542182,
		2.4975023429769334,
		1.9094462886024348,
		1.4311068676476817,
		1.0514769637114962,
		0.7573393736372009,
		0.5347421120961755,
		17.467003745191338,
		17.803652211174068,
		17.9173040976869,
		17.803652211174068,
		17.467003745191338,
		16.92000936852438,
		16.182874244902127
	],
	[
		0.0,
		0.0,
		0.0,
		0.0,
		0.0,
		0.30641537181866474,
		0.44268379099821265,
		0.6269599072339935,
		0.8704603544659264,
		1.1847352193947096,
		1.5807263026891842,
		2.067545794891687,
		2.6510423936728653,
		3.332278453398642,
		4.106094822886473,
		4.95997789552306,
		5.873454176969355,
		6.818212081269309,
		7.759084902748513,
		8.655926887936843,
		9.46628841271424,
		10.148666050279314,
		10.665992376954996,
		10.98896153364587,
		11.098776720278419,
		10.98896153364587,
		10.665992376954996,
		10.148666050279314,
		9.46628841271424,
		8.655926887936843,
		7.759084902748513,
		6.818212081269309,
		5.873454176969355,
		4.95997789552306,
		4.106094822886473,
		3.332278453398642,
		2.6510423936728653,
		2.067545794891687,
		1.5807263026891842,
		1.1847352193947096,
		0.8704603544659264,
		0.6269599072339935,
		0.44268379099821265,
		19.46251595656115,
		19.837624718001955,
		19.96426072764718,
		19.837624718001955,
		19.46251595656115,
		18.853030383687162,
		18.031681495524857
	],
	[
		0.0,
		0.0,
		0.0,
		0.0,
		0.0,
		0.24866969355171667,
		0.35925757247251877,
		0.5088058313646037,
		0.7064172672187576,
		0.9614652887621966,
		1.282829653570644,
		1.6779053092810237,
		2.151438734011597,
		2.704292075549043,
		3.332278453398642,
		4.025242519598287,
		4.766569123501308,
		5.533282154732209,
		6.296842268572819,
		7.024669401713763,
		7.682313797412524,
		8.236093580106555,
		8.655926887936843,
		8.918030713682587,
		9.007150618618036,
		8.918030713682587,
		8.655926887936843,
		8.236093580106555,
		7.682313797412524,
		7.024669401713763,
		6.296842268572819,
		5.533282154732209,
		4.766569123501308,
		4.025242519598287,
		3.332278453398642,
		2.704292075549043,
		2.151438734011597,
		1.6779053092810237,
		1.282829653570644,
		0.9614652887621966,
		0.7064172672187576,
		0.5088058313646037,
		0.35925757247251877,
		20.0,
		20.0,
		20.0,
		20.0,
		20.0,
		20.0,
		19.837624718001955
	],
	[
		0.0,
		0.0,
		0.0,
		0.0,
		0.0,
		0.19783277683618491,
		0.2858125658440322,
		0.4047878495027336,
		0.5620004898178366,
		0.7649076378817802,
		1.0205737134625974,
		1.3348818742731385,
		1.7116082497359968,
		2.151438734011597,
		2.6510423936728653,
		3.202339994542182,
		3.792113112842069,
		4.402082771140425,
		5.009544080337019,
		5.588577499124125,
		6.111776024499646,
		6.55234355245743,
		6.886348022041547,
		7.094868517346231,
		7.165769148673428,
		7.094868517346231,
		6.886348022041547,
		6.55234355245743,
		6.111776024499646,
		5.588577499124125,
		5.009544080337019,
		4.402082771140425,
		3.792113112842069,
		3.202339994542182,
		2.6510423936728653,
		2.151438734011597,
		1.7116082497359968,
		1.3348818742731385,
		1.0205737134625974,
		0.7649076378817802,
		0.5620004898178366,
		0.4047878495027336,
		0.2858125658440322,
		20.0,
		20.0,
		20.0,
		20.0,
		20.0,
		20.0,
		20.0
	],
	[
		0.0,
		0.0,
		0.0,
		0.0,
		0.0,
		0.15428962087351408,
		0.22290498637380604,
		0.31569371280522057,
		0.4383037224237317,
		0.5965508412681236,
		0.7959446045384395,
		1.0410732821238817,
		1.3348818742731385,
		1.6779053092810237,
		2.067545794891687,
		2.4975023429769334,
		2.9574659156422904,
		3.433180753336397,
		3.9069393316172842,
		4.35852702141519,
		4.766569123501308,
		5.110167378274198,
		5.37065719096517,
		5.533282154732209,
		5.588577499124125,
		5.533282154732209,
		5.37065719096517,
		5.110167378274198,
		4.766569123501308,
		4.35852702141519,
		3.9069393316172842,
		3.433180753336397,
		2.9574659156422904,
		2.4975023429769334,
		2.067545794891687,
		1.6779053092810237,
		1.3348818742731385,
		1.0410732821238817,
		0.7959446045384395,
		0.5965508412681236,
		0.4383037224237317,
		0.31569371280522057,
		0.22290498637380604,
		20.0,
		20.0,
		20.0,
		20.0,
		20.0,
		20.0,
		20.0
	],
	[
		0.0,
		0.0,
		0.0,
		0.0,
		0.0,
		0.11796094797478603,
		0.17042030016080398,
		0.24136121030923044,
		0.33510175412490334,
		0.456088376863877,
		0.6085333514672473,
		0.7959446045384395,
		1.0205737134625974,
		1.282829653570644,
		1.5807263026891842,
		1.9094462886024348,
		2.2611079153424147,
		2.624812051125287,
		2.987020543756263,
		3.332278453398642,
		3.6442439174602983,
		3.9069393316172842,
		4.106094822886473,
		4.23042849343228,
		4.272704125494465,
		4.23042849343228,
		4.106094822886473,
		3.9069393316172842,
		3.6442439174602983,
		3.332278453398642,
		2.987020543756263,
		2.624812051125287,
		2.2611079153424147,
		1.9094462886024348,
		1.5807263026891842,
		1.282829653570644,
		1.0205737134625974,
		0.7959446045384395,
		0.6085333514672473,
		0.456088376863877,
		0.33510175412490334,
		0.24136121030923044,
		0.17042030016080398,
		20.0,
		20.0,
		20.0,
		20.0,
		20.0,
		20.0,
		20.0
	],
	[
		0.0,
		0.0,
		0.0,
		0.0,
		0.0,
		0.0884103018600782,
		0.1277279509785081,
		0.18089730395617046,
		0.25115470623682157,
		0.34183271468814735,
		0.456088376863877,
		0.5965508412681236,
		0.7649076378817802,
		0.9614652887621966,
		1.1847352193947096,
		1.4311068676476817,
		1.6946729978497999,
		1.9672648427304948,
		2.2387357211828562,
		2.4975023429769334,
		2.7313166800192725,
		2.928203711376817,
		3.0774683400738043,
		3.1706549203196333,
		3.202339994542182,
		3.1706549203196333,
		3.0774683400738043,
		2.928203711376817,
		2.7313166800192725,
		2.4975023429769334,
		2.2387357211828562,
		1.9672648427304948,
		1.6946729978497999,
		1.4311068676476817,
		1.1847352193947096,
		0.9614652887621966,
		0.7649076378817802,
		0.5965508412681236,
		0.456088376863877,
		0.34183271468814735,
		0.25115470623682157,
		0.18089730395617046,
		0.1277279509785081,
		20.0,
		20.0,
		20.0,
		20.0,
		20.0,
		20.0,
		20.0
	],
	[
		0.0,
		0.0,
		0.0,
		0.0,
		0.0,
		0.06495768964721203,
		0.09384554089711493,
		0.132910652731391,
		0.184530864819216,
		0.25115470623682157,
		0.33510175412490334,
		0.4383037224237317,
		0.5620004898178366,
		0.7064172672187576,
		0.8704603544659264,
		1.0514769637114962,
		1.2451268724549565,
		1.445408243376468,
		1.6448660067791199,
		1.8349895733308959,
		2.0067799509353303,
		2.151438734011597,
		2.2611079153424147,
		2.3295748793900386,
		2.352854849874186,
		2.3295748793900386,
		2.2611079153424147,
		2.151438734011597,
		2.0067799509353303,
		1.8349895733308959,
		1.6448660067791199,
		1.445408243376468,
		1.2451268724549565,
		1.0514769637114962,
		0.8704603544659264,
		0.7064172672187576,
		0.5620004898178366,
		0.4383037224237317,
		0.33510175412490334,
		0.25115470623682157,
		0.184530864819216,
		0.132910652731391,
		0.09384554089711493,
		20.0,
		20.0,
		20.0,
		20.0,
		20.0,
		20.0,
		20.0
	],
	[
		0.0,
		0.0,
		0.0,
		0.0,
		0.0,
		0.04678658466914101,
		0.06759341917562572,
		0.09573055232137426,
		0.132910652731391,
		0.18089730395617046,
		0.24136121030923044,
		0.31569371280522057,
		0.4047878495027336,
		0.5088058313646037,
		0.6269599072339935,
		0.7573393736372009,
		0.8968181312839671,
		1.0410732821238817,
		1.1847352193947096,
		1.3216740851761761,
		1.445408243376468,
		1.5496005328388924,
		1.6285911260357357,
		1.6779053092810237,
		1.6946729978497999,
		1.6779053092810237,
		1.6285911260357357,
		1.5496005328388924,
		1.445408243376468,
		1.3216740851761761,
		1.1847352193947096,
		1.0410732821238817,
		0.8968181312839671,
		0.7573393736372009,
		0.6269599072339935,
		0.5088058313646037,
		0.4047878495027336,
		0.31569371280522057,
		0.24136121030923044,
		0.18089730395617046,
		0.132910652731391,
		0.09573055232137426,
		0.06759341917562572,
		20.0,
		20.0,
		20.0,
		20.0,
		20.0,
		20.0,
		20.0
	],
	[
		0.0,
		0.0,
		0.0,
		0.0,
		0.0,
		0.03303506720321147,
		0.04772635491033021,
		0.06759341917562572,
		0.09384554089711493,
		0.1277279509785081,
		0.17042030016080398,
		0.22290498637380604,
		0.2858125658440322,
		0.35925757247251877,
		0.44268379099821265,
		0.5347421120961755,
		0.6332252598802123,
		0.73508092291067,
		0.8365177297613223,
		0.933207510941397,
		1.0205737134625974,
		1.0941417951849182,
		1.149915465631959,
		1.1847352193947096,
		1.1965745473266203,
		1.1847352193947096,
		1.149915465631959,
		1.0941417951849182,
		1.0205737134625974,
		0.933207510941397,
		0.8365177297613223,
		0.73508092291067,
		0.6332252598802123,
		0.5347421120961755,
		0.44268379099821265,
		0.35925757247251877,
		0.2858125658440322,
		0.22290498637380604,
		0.17042030016080398,
		0.1277279509785081,
		0.09384554089711493,
		0.06759341917562572,
		0.04772635491033021,
		20.0,
		20.0,
		20.0,
		20.0,
		20.0,
		20.0,
		20.0
	],
	[
		0.0,
		0.0,
		0.0,
		0.0,
		0.0,
		0.0,
		0.0,
		0.0,
		0.0,
		14.003810039615342,
		15.723137689799543,
		17.439668424998523,
		19.109231811137157,
		20.0,
		20.0,
		20.0,
		20.0,
		20.0,
		20.0,
		20.0,
		20.0,
		20.0,
		20.0,
		20.0,
		20.0,
		20.0,
		19.109231811137157,
		17.439668424998523,
		15.723137689799543,
		0.0,
		0.0,
		0.0,
		10.169873994484275,
		11.923524351425414,
		13.802780712194783,
		15.776163841532266,
		17.803652211174068,
		19.837624718001955,
		20.0,
		20.0,
		20.0,
		20.0,
		20.0,
		20.0,
		20.0,
		20.0,
		20.0,
		20.0,
		20.0,
		20.0
	],
	[
		0.0,
		0.0,
		0.0,
		0.0,
		0.0,
		0.0,
		0.0,
		0.0,
		0.0,
		14.793441345246945,
		16.609716535663612,
		18.423037101755586,
		20.0,
		20.0,
		20.0,
		20.0,
		20.0,
		20.0,
		20.0,
		20.0,
		20.0,
		20.0,
		20.0,
		20.0,
		20.0,
		20.0,
		20.0,
		18.423037101755586,
		16.609716535663612,
		0.0,
		0.0,
		0.0,
		9.977572300490726,
		11.698062961009363,
		13.541784547029302,
		15.477853062746625,
		17.467003745191338,
		19.46251595656115,
		20.0,
		20.0,
		20.0,
		20.0,
		20.0,
		20.0,
		20.0,
		20.0,
		20.0,
		20.0,
		20.0,
		20.0
	],
	[
		0.0,
		0.0,
		0.0,
		0.0,
		0.0,
		0.0,
		0.0,
		0.0,
		0.0,
		15.43825523088752,
		17.333697900702177,
		19.226057160553488,
		20.0,
		20.0,
		20.0,
		20.0,
		20.0,
		20.0,
		20.0,
		20.0,
		20.0,
		20.0,
		20.0,
		20.0,
		20.0,
		20.0,
		20.0,
		19.226057160553488,
		17.333697900702177,
		0.0,
		0.0,
		0.0,
		9.665115967351221,
		11.331727970136658,
		13.11771181507607,
		14.993150665489127,
		16.92000936852438,
		18.853030383687162,
		20.0,
		20.0,
		20.0,
		20.0,
		20.0,
		20.0,
		20.0,
		20.0,
		20.0,
		20.0,
		20.0,
		20.0
	],
	[
		0.0,
		0.0,
		0.0,
		0.0,
		0.0,
		0.0,
		0.0,
		0.0,
		0.0,
		15.915973900982864,
		17.87006881730619,
		19.820984911167482,
		20.0,
		20.0,
		20.0,
		20.0,
		20.0,
		20.0,
		20.0,
		20.0,
		20.0,
		20.0,
		20.0,
		20.0,
		20.0,
		20.0,
		20.0,
		19.820984911167482,
		17.87006881730619,
		0.0,
		0.0,
		0.0,
		9.244046670151526,
		10.838051251868453,
		12.546227136206154,
		14.339960839846837,
		16.182874244902127,
		18.031681495524857,
		19.837624718001955,
		20.0,
		20.0,
		20.0,
		20.0,
		20.0,
		20.0,
		20.0,
		20.0,
		20.0,
		20.0,
		20.0
	],
	[
		0.0,
		0.0,
		0.0,
		0.0,
		0.0,
		0.0,
		0.0,
		0.0,
		0.0,
		16.209671712884557,
		18.199825585118646,
		20.0,
		20.0,
		20.0,
		20.0,
		20.0,
		20.0,
		20.0,
		20.0,
		20.0,
		20.0,
		20.0,
		20.0,
		20.0,
		20.0,
		20.0,
		20.0,
		20.0,
		18.199825585118646,
		0.0,
		0.0,
		0.0,
		8.72951396087722,
		10.234794683304825,
		11.84789182160771,
		13.541784547029302,
		15.28211958342243,
		17.02802040815481,
		18.733443058612608,
		20.0,
		20.0,
		20.0,
		20.0,
		20.0,
		20.0,
		20.0,
		20.0,
		20.0,
		20.0,
		20.0
	],
	[
		0.0,
		0.0,
		0.0,
		0.0,
		0.0,
		0.0,
		0.0,
		0.0,
		0.0,
		16.308770440687844,
		18.311091229091765,
		20.0,
		20.0,
		20.0,
		20.0,
		20.0,
		20.0,
		20.0,
		20.0,
		20.0,
		20.0,
		20.0,
		20.0,
		20.0,
		20.0,
		20.0,
		20.0,
		20.0,
		18.311091229091765,
		0.0,
		0.0,
		0.0,
		8.139371527768425,
		9.542890567698425,
		11.046937296745394,
		12.626317578646574,
		14.2490005261142,
		15.876872997230123,
		17.467003745191338,
		18.97338110971656,
		20.0,
		20.0,
		20.0,
		20.0,
		20.0,
		20.0,
		20.0,
		20.0,
		20.0,
		20.0
	],
	[
		0.0,
		0.0,
		0.0,
		0.0,
		0.0,
		0.0,
		0.0,
		0.0,
		0.0,
		16.209671712884557,
		18.199825585118646,
		20.0,
		20.0,
		20.0,
		20.0,
		20.0,
		20.0,
		20.0,
		20.0,
		20.0,
		20.0,
		20.0,
		20.0,
		20.0,
		20.0,
		20.0,
		20.0,
		20.0,
		18.199825585118646,
		0.0,
		0.0,
		0.0,
		7.493152229268568,
		8.785239927562362,
		10.169873994484275,
		11.623860563326321,
		13.11771181507607,
		14.616340572135833,
		16.08022408184716,
		17.467003745191338,
		18.733443058612608,
		19.837624718001955,
		20.0,
		20.0,
		20.0,
		20.0,
		20.0,
		20.0,
		20.0,
		19.837624718001955
	],
	[
		0.0,
		0.0,
		0.0,
		0.0,
		0.0,
		0.0,
		0.0,
		0.0,
		0.0,
		15.915973900982864,
		17.87006881730619,
		19.820984911167482,
		20.0,
		20.0,
		20.0,
		20.0,
		20.0,
		20.0,
