[
	[
		0.0,
		0.0,
		0.0,
		0.0,
		0.0,
		0.0,
		0.0,
		0.0,
		0.0,
		0.0,
		0.0,
		0.0,
		0.0,
		0.0,
		0.0,
		0.0,
		0.0,
		0.0,
		0.0,
		0.0,
		0.0,
		0.0,
		0.0,
		0.0,
		0.0,
		0.0,
		0.0,
		0.0,
		0.0,
		0.0,
		0.0,
		0.0,
		0.0,
		0.0,
		0.0,
		0.0,
		0.0,
		0.0,
		0.0,
		0.0,
		0.0,
		0.0,
		0.0,
		0.0,
		0.0,
		0.0,
		0.0,
		0.0,
		0.0,
		0.0,
		0.0,
		0.0,
		0.0,
		0.0,
		0.0,
		0.0,
		0.0,
		0.0,
		0.0,
		0.0,
		0.0,
		0.0,
		0.0,
		0.0,
		0.0,
		0.0,
		0.0,
		0.0,
		0.0,
		0.0,
		0.0,
		0.0,
		0.0,
		0.0,
		0.0,
		0.0,
		0.0,
		0.0,
		0.0,
		0.0,
		0.0,
		0.0,
		0.0,
		0.0,
		0.0,
		0.0,
		0.0,
		0.0,
		0.0,
		0.0,
		0.0,
		0.0,
		0.0,
		0.0,
		0.0,
		0.0,
		0.0,
		0.0,
		0.0,
		0.0
	],
	[
		0.0,
		0.0,
		0.0,
		0.0,
		0.0,
		0.0,
		0.0,
		0.0,
		0.0,
		0.0,
		0.0,
		0.0,
		0.0,
		0.0,
		0.0,
		0.0,
		0.0,
		0.0,
		0.0,
		0.0,
		0.0,
		0.0,
		0.0,
		0.0,
		0.0,
		0.0,
		0.0,
		0.0,
		0.0,
		0.0,
		0.0,
		0.0,
		0.0,
		0.0,
		0.0,
		0.0,
		0.0,
		0.0,
		0.0,
		0.0,
		0.0,
		0.0,
		0.0,
		0.0,
		0.0,
		0.0,
		0.0,
		0.0,
		0.0,
		0.0,
		0.0,
		0.0,
		0.0,
		0.0,
		0.0,
		0.0,
		0.0,
		0.0,
		0.0,
		0.0,
		0.0,
		0.0,
		0.0,
		0.0,
		0.0,
		0.0,
		0.0,
		0.0,
		0.0,
		0.0,
		0.0,
		0.0,
		0.0,
		0.0,
		0.0,
		0.0,
		0.0,
		0.0,
		0.0,
		0.0,
		0.0,
		0.0,
		0.0,
		0.0,
		0.0,
		0.0,
		0.0,
		0.0,
		0.0,
		0.0,
		0.0,
		0.0,
		0.0,
		0.0,
		0.0,
		0.0,
		0.0,
		0.0,
		0.0,
		0.0
	],
	[
		0.0,
		0.0,
		0.0,
		0.0,
		0.0,
		0.0,
		0.0,
		0.0,
		0.0,
		0.0,
		0.0,
		0.0,
		0.0,
		0.0,
		0.0,
		0.0,
		0.0,
		0.0,
		0.0,
		0.0,
		0.0,
		0.0,
		0.0,
		0.0,
		0.0,
		0.0,
		0.0,
		0.0,
		0.0,
		0.0,
		0.0,
		0.0,
		0.0,
		0.0,
		0.0,
		0.0,
		0.0,
		0.0,
		0.0,
		0.0,
		0.0,
		0.0,
		0.0,
		0.0,
		0.0,
		0.0,
		0.0,
		0.0,
		0.0,
		0.0,
		0.0,
		0.0,
		0.0,
		0.0,
		0.0,
		0.0,
		0.0,
		0.0,
		0.0,
		0.0,
		0.0,
		0.0,
		0.0,
		0.0,
		0.0,
		0.0,
		0.0,
		0.0,
		0.0,
		0.0,
		0.0,
		0.0,
		0.0,
		0.0,
		0.0,
		0.0,
		0.0,
		0.0,
		0.0,
		0.0,
		0.0,
		0.0,
		0.0,
		0.0,
		0.0,
		0.0,
		0.0,
		0.0,
		0.0,
		0.0,
		0.0,
		0.0,
		0.0,
		0.0,
		0.0,
		0.0,
		0.0,
		0.0,
		0.0,
		0.0
	],
	[
		0.0,
		0.0,
		0.0,
		0.0,
		0.0,
		0.0,
		0.0,
		0.0,
		0.0,
		0.0,
		0.0,
		0.0,
		0.0,
		0.0,
		0.0,
		0.0,
		0.0,
		0.0,
		0.0,
		0.0,
		0.0,
		0.0,
		0.0,
		0.0,
		0.0,
		0.0,
		0.0,
		0.0,
		0.0,
		0.0,
		0.0,
		0.0,
		0.0,
		0.0,
		0.0,
		0.0,
		0.0,
		0.0,
		0.0,
		0.0,
		0.0,
		0.0,
		0.0,
		0.0,
		0.0,
		0.0,
		0.0,
		0.0,
		0.0,
		0.0,
		0.0,
		0.0,
		0.0,
		0.0,
		0.0,
		0.0,
		0.0,
		0.0,
		0.0,
		0.0,
		0.0,
		0.0,
		0.0,
		0.0,
		0.0,
		0.0,
		0.0,
		0.0,
		0.0,
		0.0,
		0.3101588506707872,
		0.3958711512417506,
		0.4924575802658471,
		0.5970752881076239,
		0.7055611578586539,
		0.8126162990987028,
		0.9121824051656459,
		0.9979830159415825,
		1.064167293536228,
		1.1059664714206765,
		1.1202612460588672,
		1.1059664714206765,
		1.064167293536228,
		0.9979830159415825,
		0.9121824051656459,
		0.8126162990987028,
		0.7055611578586539,
		0.5970752881076239,
		0.4924575802658471,
		0.3958711512417506,
		0.0,
		0.0,
		0.0,
		0.0,
		0.0,
		0.0,
		0.0,
		0.0,
		0.0,
		0.0
	],
	[
		0.0,
		0.0,
		0.0,
		0.0,
		0.0,
		0.0,
		0.0,
		0.0,
		0.0,
		0.0,
		0.0,
		0.0,
		0.0,
		0.0,
		0.0,
		0.0,
		0.0,
		0.0,
		0.0,
		0.0,
		0.0,
		0.0,
		0.0,
		0.0,
		0.0,
		0.0,
		0.0,
		0.0,
		0.0,
		0.0,
		0.0,
		0.0,
		0.0,
		0.0,
		0.0,
		0.0,
		0.0,
		0.0,
		0.0,
		0.0,
		0.0,
		0.0,
		0.0,
		0.0,
		0.0,
		0.0,
		0.0,
		0.0,
		0.0,
		0.0,
		0.0,
		0.0,
		0.0,
		0.0,
		0.0,
		0.0,
		0.0,
		0.0,
		0.0,
		0.0,
		0.0,
		0.0,
		0.0,
		0.0,
		0.0,
		0.0,
		0.0,
		0.0,
		0.0,
		0.0,
		0.46182992482682683,
		0.5894564789097175,
		0.7332747293288778,
		0.889051641848477,
		1.0505882898065617,
		1.2099945673456016,
		1.3582495895084346,
		1.4860076384535086,
		1.5845567524966764,
		1.6467961860593439,
		1.6680812620205632,
		1.6467961860593439,
		1.5845567524966764,
		1.4860076384535086,
		1.3582495895084346,
		1.2099945673456016,
		1.0505882898065617,
		0.889051641848477,
		0.7332747293288778,
		0.5894564789097175,
		0.0,
		0.0,
		0.0,
		0.0,
		0.0,
		0.0,
		0.0,
		0.0,
		0.0,
		0.0
	],
	[
		0.0,
		0.0,
		0.0,
		0.0,
		0.0,
		0.0,
		0.0,
		0.0,
		0.0,
		0.0,
		0.0,
		0.0,
		0.0,
		0.0,
		0.0,
		0.0,
		0.0,
		0.0,
		0.0,
		0.0,
		0.0,
		0.0,
		0.0,
		0.0,
		0.0,
		0.0,
		0.0,
		0.0,
		0.0,
		0.0,
		0.0,
		0.0,
		0.0,
		0.0,
		0.0,
		0.0,
		0.0,
		0.0,
		0.0,
		0.0,
		0.0,
		0.0,
		0.0,
		0.0,
		0.0,
		0.0,
		0.0,
		0.0,
		0.0,
		0.0,
		0.0,
		0.0,
		0.0,
		0.0,
		0.0,
		0.0,
		0.0,
		0.0,
		0.0,
		0.0,
		0.0,
		0.0,
		0.0,
		0.0,
		0.0,
		0.0,
		0.0,
		0.0,
		0.0,
		0.0,
		0.6702321538160899,
		0.8554505981582927,
		1.064167293536228,
		1.2902390354918436,
		1.5246696119032266,
		1.756008481438062,
		1.9711640559831858,
		2.1565733326642214,
		2.2995930492548826,
		2.38991822604944,
		2.420808260537734,
		2.38991822604944,
		2.2995930492548826,
		2.1565733326642214,
		1.9711640559831858,
		1.756008481438062,
		1.5246696119032266,
		1.2902390354918436,
		1.064167293536228,
		0.8554505981582927,
		0.0,
		0.0,
		0.0,
		0.0,
		0.0,
		0.0,
		0.0,
		0.0,
		0.0,
		0.0
	],
	[
		0.0,
		0.0,
		0.0,
		0.0,
		0.0,
		0.0,
		0.0,
		0.0,
		0.0,
		0.0,
		0.0,
		0.0,
		0.0,
		0.0,
		0.0,
		0.0,
		0.0,
		0.0,
		0.0,
		0.0,
		0.0,
		0.0,
		0.0,
		0.0,
		0.0,
		0.0,
		0.0,
		0.0,
		0.0,
		0.0,
		0.0,
		0.0,
		0.0,
		0.0,
		0.0,
		0.0,
		0.0,
		0.0,
		0.0,
		0.0,
		0.0,
		0.0,
		0.0,
		0.0,
		0.0,
		0.0,
		0.0,
		0.0,
		0.0,
		0.0,
		0.0,
		0.0,
		0.0,
		0.0,
		0.0,
		0.0,
		0.0,
		0.0,
		0.0,
		0.0,
		0.0,
		0.0,
		0.0,
		0.0,
		0.0,
		0.0,
		0.0,
		0.0,
		0.0,
		0.0,
		0.9480118042161296,
		1.2099945673456016,
		1.50521449946715,
		1.8249823273061505,
		2.1565733326642214,
		2.483791264308273,
		2.788118687650081,
		3.050371374131946,
		3.2526660250101798,
		3.3804267320004415,
		3.42411923042925,
		3.3804267320004415,
		3.2526660250101798,
		3.050371374131946,
		2.788118687650081,
		2.483791264308273,
		2.1565733326642214,
		1.8249823273061505,
		1.50521449946715,
		1.2099945673456016,
		0.0,
		0.0,
		0.0,
		0.0,
		0.0,
		0.0,
		0.0,
		0.0,
		0.0,
		0.0
	],
	[
		0.0,
		0.0,
		0.0,
		0.0,
		0.0,
		0.0,
		0.0,
		0.0,
		0.0,
		0.0,
		0.0,
		0.0,
		0.0,
		0.0,
		0.0,
		0.0,
		0.0,
		0.0,
		0.0,
		0.0,
		0.0,
		0.0,
		0.0,
		0.0,
		0.0,
		0.0,
		0.0,
		0.00011534160239566625,
		0.00020563830970387646,
		0.00035591330366695277,
		0.0005980074158696036,
		0.0009754186816899854,
		0.0015445348793082713,
		0.0023742504157093143,
		0.003543051595916942,
		0.005132755564259922,
		0.007218481365343386,
		0.009855150217568427,
		0.013061793355626915,
		0.01680600624380525,
		0.020991737356760194,
		0.02545390382780144,
		0.02996281172680114,
		0.034239931204094354,
		0.03798440719761456,
		0.040907220724576754,
		0.04276778388171921,
		0.04340659018029617,
		0.04276778388171921,
		0.040907220724576754,
		0.03798440719761456,
		0.034239931204094354,
		0.02996281172680114,
		0.02545390382780144,
		0.020991737356760194,
		0.01680600624380525,
		0.013061793355626915,
		0.009855150217568427,
		0.007218481365343386,
		0.005132755564259922,
		0.003543051595916942,
		0.0023742504157093143,
		0.0015445348793082713,
		0.0009754186816899854,
		0.0005980074158696036,
		0.00035591330366695277,
		0.00020563830970387646,
		0.0,
		0.0,
		0.0,
		1.3069155593452848,
		1.6680812620205632,
		2.0750672520711135,
		2.5158946212264857,
		2.9730212543697685,
		3.42411923042925,
		3.84366067804839,
		4.205198493209509,
		4.484079015191715,
		4.66020810461438,
		4.720441960109982,
		4.66020810461438,
		4.484079015191715,
		4.205198493209509,
		3.84366067804839,
		3.42411923042925,
		2.9730212543697685,
		2.5158946212264857,
		2.0750672520711135,
		1.6680812620205632,
		0.0,
		0.0,
		0.0,
		0.0,
		0.0,
		0.0,
		0.0,
		0.0,
		0.0,
		0.0
	],
	[
		0.0,
		0.0,
		0.0,
		0.0,
		0.0,
		0.0,
		0.0,
		0.0,
		0.0,
		0.0,
		0.0,
		0.0,
		0.0,
		0.0,
		0.0,
		0.0,
		0.0,
		0.0,
		0.0,
		0.0,
		0.0,
		0.0,
		0.0,
		0.0,
		0.0,
		0.0,
		0.0,
		0.00021182727231387085,
		0.000377659069434289,
		0.000653642248157475,
		0.0010982531636120575,
		0.001791376870225837,
		0.0028365707054699048,
		0.004360360692966008,
		0.006506888578293158,
		0.009426413263284718,
		0.01325689244912593,
		0.018099190105489694,
		0.023988257494104735,
		0.03086458300538493,
		0.03855176599817004,
		0.04674662832484937,
		0.05502733226446676,
		0.06288235190540764,
		0.06975916061516725,
		0.07512696896912642,
		0.078543932236146,
		0.07971711340368595,
		0.078543932236146,
		0.07512696896912642,
		0.06975916061516725,
		0.06288235190540764,
		0.05502733226446676,
		0.04674662832484937,
		0.03855176599817004,
		0.03086458300538493,
		0.023988257494104735,
		0.018099190105489694,
		0.01325689244912593,
		0.009426413263284718,
		0.006506888578293158,
		0.004360360692966008,
		0.0028365707054699048,
		0.001791376870225837,
		0.0010982531636120575,
		0.000653642248157475,
		0.000377659069434289,
		0.0,
		0.0,
		0.0,
		1.756008481438062,
		2.2412808715074264,
		2.788118687650081,
		3.3804267320004415,
		3.9946349255986267,
		4.600742846080361,
		5.164450527931729,
		5.650222898796723,
		6.02493460714455,
		6.26158660248012,
		6.342518503828804,
		6.26158660248012,
		6.02493460714455,
		5.650222898796723,
		5.164450527931729,
		4.600742846080361,
		3.9946349255986267,
		3.3804267320004415,
		2.788118687650081,
		2.2412808715074264,
		0.0,
		0.0,
		0.0,
		0.0,
		0.0,
		0.0,
		0.0,
		0.0,
		0.0,
		0.0
	],
	[
		0.0,
		0.0,
		0.0,
		0.0,
		0.0,
		0.0,
		0.0,
		0.0,
		0.0,
		0.0,
		0.0,
		0.0,
		0.0,
		0.0,
		0.0,
		0.0,
		0.0,
		0.0,
		0.0,
		0.0,
		0.0,
		0.0,
		0.0,
		0.0,
		0.0,
		0.0,
		0.0,
		0.000377659069434289,
		0.0006733144942481218,
		0.0011653547746029516,
		0.001958035257888906,
		0.003193780075745696,
		0.005057217804443129,
		0.007773927047804252,
		0.011600892833806678,
		0.01680600624380525,
		0.023635226999991515,
		0.03226838177203845,
		0.04276778388171921,
		0.05502733226446676,
		0.06873252869132085,
		0.0833428479699928,
		0.09810621110985777,
		0.11211063733685574,
		0.12437104719643818,
		0.13394111570420827,
		0.14003309410537298,
		0.14212471575149643,
		0.14003309410537298,
		0.13394111570420827,
		0.12437104719643818,
		0.11211063733685574,
		0.09810621110985777,
		0.0833428479699928,
		0.06873252869132085,
		0.05502733226446676,
		0.04276778388171921,
		0.03226838177203845,
		0.023635226999991515,
		0.01680600624380525,
		0.011600892833806678,
		0.007773927047804252,
		0.005057217804443129,
		0.003193780075745696,
		0.001958035257888906,
		0.0011653547746029516,
		0.0006733144942481218,
		0.0,
		0.0,
		0.0,
		2.2995930492548826,
		2.935084863215223,
		3.6512001066003523,
		4.426861201750867,
		5.231201788783279,
		6.02493460714455,
		6.763141899819698,
		7.399288467088205,
		7.889994775798867,
		8.199904032683722,
		8.305888963720047,
		8.199904032683722,
		7.889994775798867,
		7.399288467088205,
		6.763141899819698,
		6.02493460714455,
		5.231201788783279,
		4.426861201750867,
		3.6512001066003523,
		2.935084863215223,
		0.0,
		0.0,
		0.0,
		0.0,
		0.0,
		0.0,
		0.0,
		0.0,
		0.0,
		0.0
	],
	[
		0.0,
		0.0,
		0.0,
		0.0,
		0.0,
		0.0,
		0.0,
		0.0,
		0.0,
		0.0,
		0.0,
		0.0,
		0.0,
		0.0,
		0.0,
		0.0,
		0.0,
		0.0,
		0.0,
		0.0,
		0.0,
		0.0,
		0.0,
		0.0,
		0.0,
		0.0,
		0.0,
		0.000653642248157475,
		0.0011653547746029516,
		0.0020169649729676557,
		0.003388915218838129,
		0.00552770940191654,
		0.008752897739407734,
		0.01345490566438815,
		0.020078516011496773,
		0.029087387521778543,
		0.040907220724576754,
		0.05584925482518784,
		0.07402134005952689,
		0.09523983953392849,
		0.11896042809892096,
		0.14424757916327874,
		0.16979961446210426,
		0.19403810198706278,
		0.21525809248260133,
		0.23182171189682627,
		0.24236554568805188,
		0.24598566866594013,
		0.24236554568805188,
		0.23182171189682627,
		0.21525809248260133,
		0.19403810198706278,
		0.16979961446210426,
		0.14424757916327874,
		0.11896042809892096,
		0.09523983953392849,
		0.07402134005952689,
		0.05584925482518784,
		0.040907220724576754,
		0.029087387521778543,
		0.020078516011496773,
		0.01345490566438815,
		0.008752897739407734,
		0.00552770940191654,
		0.003388915218838129,
		0.0020169649729676557,
		0.0011653547746029516,
		0.0,
		0.0,
		0.0,
		2.935084863215223,
		3.746194639554366,
		4.66020810461438,
		5.650222898796723,
		6.67684275339814,
		7.68992338580142,
		8.632134031005785,
		9.444079501523325,
		10.0703923438967,
		10.465944926188488,
		10.60121875949322,
		10.465944926188488,
		10.0703923438967,
		9.444079501523325,
		8.632134031005785,
		7.68992338580142,
		6.67684275339814,
		5.650222898796723,
		4.66020810461438,
		3.746194639554366,
		0.0,
		0.0,
		0.0,
		0.0,
		0.0,
		0.0,
		0.0,
		0.0,
		0.0,
		0.0
	],
	[
		0.0,
		0.0,
		0.0,
		0.0,
		0.0,
		0.0,
		0.0,
		0.0,
		0.0,
		0.0,
		0.0,
		0.0,
		0.0,
		0.0,
		0.0,
		0.0,
		0.0,
		0.0,
		0.0,
		0.0,
		0.0,
		0.0,
		0.0,
		0.0,
		0.0,
		0.0,
		0.0,
		0.0010982531636120575,
		0.001958035257888906,
		0.003388915218838129,
		0.005694073280595763,
		0.009287686582829888,
		0.014706665091148513,
		0.02260700368385005,
		0.03373602883292985,
		0.04887278240819418,
		0.06873252869132085,
		0.09383821344173778,
		0.12437104719643818,
		0.16002248227510843,
		0.1998779406817181,
		0.24236554568805188,
		0.2852982105865751,
		0.3260238455657933,
		0.3616777858660665,
		0.3895080668398203,
		0.4072238721606289,
		0.4133064219412431,
		0.4072238721606289,
		0.3895080668398203,
		0.3616777858660665,
		0.3260238455657933,
		0.2852982105865751,
		0.24236554568805188,
		0.1998779406817181,
		0.16002248227510843,
		0.12437104719643818,
		0.09383821344173778,
		0.06873252869132085,
		0.04887278240819418,
		0.03373602883292985,
		0.02260700368385005,
		0.014706665091148513,
		0.009287686582829888,
		0.005694073280595763,
		0.003388915218838129,
		0.001958035257888906,
		0.0,
		0.0,
		0.0,
		3.6512001066003523,
		4.66020810461438,
		5.797226697461988,
		7.028789766508905,
		8.305888963720047,
		9.566145578233606,
		10.738241026418233,
		11.748288615045633,
		12.52741208963361,
		13.019473375060208,
		13.187751928356084,
		13.019473375060208,
		12.52741208963361,
		11.748288615045633,
		10.738241026418233,
		9.566145578233606,
		8.305888963720047,
		7.028789766508905,
		5.797226697461988,
		4.66020810461438,
		0.0,
		0.0,
		0.0,
		0.0,
		0.0,
		0.0,
		0.0,
		0.0,
		0.0,
		0.0
	],
	[
		0.0,
		0.0,
		0.0,
		0.0,
		0.0,
		0.0,
		0.0,
		0.0,
		0.0,
		0.0,
		0.0,
		0.0,
		0.0,
		0.0,
		0.0,
		0.0,
		0.0,
		0.0,
		0.0,
		0.0,
		0.0,
		0.0,
		0.0,
		0.0,
		0.0,
		0.0,
		0.0,
		0.001791376870225837,
		0.003193780075745696,
		0.00552770940191654,
		0.009287686582829888,
		0.01514928203590894,
		0.023988257494104735,
		0.03687461584100157,
		0.05502733226446676,
		0.07971711340368595,
		0.11211063733685574,
		0.1530608885750708,
		0.2028634422874874,
		0.2610150218196975,
		0.3260238455657933,
		0.39532600230105347,
		0.4653541027650896,
		0.5317822843030232,
		0.5899379501389959,
		0.635332330305679,
		0.664228840637363,
		0.674150176946701,
		0.664228840637363,
		0.635332330305679,
		0.5899379501389959,
		0.5317822843030232,
		0.4653541027650896,
		0.39532600230105347,
		0.3260238455657933,
		0.2610150218196975,
		0.2028634422874874,
		0.1530608885750708,
		0.11211063733685574,
		0.07971711340368595,
		0.05502733226446676,
		0.03687461584100157,
		0.023988257494104735,
		0.01514928203590894,
		0.009287686582829888,
		0.00552770940191654,
		0.003193780075745696,
		0.0,
		0.0,
		0.0,
		4.426861201750867,
		5.650222898796723,
		7.028789766508905,
		8.52198614268599,
		10.0703923438967,
		11.598377923474965,
		13.019473375060208,
		14.244095513390485,
		15.188736009755472,
		15.785330814132514,
		15.989358469950558,
		15.785330814132514,
		15.188736009755472,
		14.244095513390485,
		13.019473375060208,
		11.598377923474965,
		10.0703923438967,
		8.52198614268599,
		7.028789766508905,
		5.650222898796723,
		0.0,
		0.0,
		0.0,
		0.0,
		0.0,
		0.0,
		0.0,
		0.0,
		0.0,
		0.0
	],
	[
		0.0,
		0.0,
		0.0,
		0.0,
		0.0,
		0.0,
		0.0,
		0.0,
		0.0,
		0.0,
		0.0,
		0.0,
		0.0,
		0.0,
		0.0,
		0.0,
		0.0,
		0.0,
		0.0,
		0.0,
		0.0,
		0.0,
		0.0,
		0.0,
		0.0,
		0.0,
		0.0,
		0.0028365707054699048,
		0.005057217804443129,
		0.008752897739407734,
		0.014706665091148513,
		0.023988257494104735,
		0.03798440719761456,
		0.05838941922748794,
		0.0871334900521896,
		0.12622873073995367,
		0.1775225274630205,
		0.24236554568805188,
		0.321225816391683,
		0.4133064219412431,
		0.5162451882612435,
		0.6259822686536796,
		0.7368688507222237,
		0.8420551110228744,
		0.9341421870643443,
		1.0060222984546097,
		1.0517787197077373,
		1.0674887427642676,
		1.0517787197077373,
		1.0060222984546097,
		0.9341421870643443,
		0.8420551110228744,
		0.7368688507222237,
		0.6259822686536796,
		0.5162451882612435,
		0.4133064219412431,
		0.321225816391683,
		0.24236554568805188,
		0.1775225274630205,
		0.12622873073995367,
		0.0871334900521896,
		0.05838941922748794,
		0.03798440719761456,
		0.023988257494104735,
		0.014706665091148513,
		0.008752897739407734,
		0.005057217804443129,
		0.0,
		0.0,
		0.0,
		5.231201788783279,
		6.67684275339814,
		8.305888963720047,
		10.0703923438967,
		11.900136923720645,
		13.70575054764983,
		15.38505259249919,
		16.83218301485876,
		17.94846040173215,
		18.65345377414727,
		18.89455232895501,
		18.65345377414727,
		17.94846040173215,
		16.83218301485876,
		15.38505259249919,
		13.70575054764983,
		11.900136923720645,
		10.0703923438967,
		8.305888963720047,
		6.67684275339814,
		0.0,
		0.0,
		0.0,
		0.0,
		0.0,
		0.0,
		0.0,
		0.0,
		0.0,
		0.0
	],
	[
		0.0,
		0.0,
		0.0,
		0.0,
		0.0,
		0.0,
		0.0,
		0.0,
		0.0,
		0.0,
		0.0,
		0.0,
		0.0,
		0.0,
		0.0,
		0.0,
		0.0,
		0.0,
		0.0,
		0.0,
		0.0,
		0.0,
		0.0,
		0.0,
		0.0,
		0.0,
		0.0,
		0.004360360692966008,
		0.007773927047804252,
		0.01345490566438815,
		0.02260700368385005,
		0.03687461584100157,
		0.05838941922748794,
		0.08975589009422397,
		0.13394111570420827,
		0.19403810198706278,
		0.2728866406795605,
		0.3725629672158549,
		0.4937865362069929,
		0.635332330305679,
		0.7935692286768722,
		0.9622564575837088,
		1.1327106940660427,
		1.2944024276690906,
		1.4359581681719091,
		1.5464518751356535,
		1.6167883910907104,
		1.640937751051733,
		1.6167883910907104,
		1.5464518751356535,
		1.4359581681719091,
		1.2944024276690906,
		1.1327106940660427,
		0.9622564575837088,
		0.7935692286768722,
		0.635332330305679,
		0.4937865362069929,
		0.3725629672158549,
		0.2728866406795605,
		0.19403810198706278,
		0.13394111570420827,
		0.08975589009422397,
		0.05838941922748794,
		0.03687461584100157,
		0.02260700368385005,
		0.01345490566438815,
		0.007773927047804252,
		0.0,
		0.0,
		0.0,
		6.02493460714455,
		7.68992338580142,
		9.566145578233606,
		11.598377923474965,
		13.70575054764983,
		15.785330814132514,
		17.71943418356395,
		19.386138416121153,
		20.0,
		20.0,
		20.0,
		20.0,
		20.0,
		19.386138416121153,
		17.71943418356395,
		15.785330814132514,
		13.70575054764983,
		11.598377923474965,
		9.566145578233606,
		7.68992338580142,
		0.0,
		0.0,
		0.0,
		0.0,
		0.0,
		0.0,
		0.0,
		0.0,
		0.0,
		0.0
	],
	[
		0.0,
		0.0,
		0.0,
		0.0,
		0.0,
		0.0,
		0.0,
		0.0,
		0.0,
		0.0,
		0.0,
		0.0,
		0.0,
		0.0,
		0.0,
		0.0,
		0.0,
		0.0,
		0.0,
		0.0,
		0.0,
		0.0,
		0.0,
		0.0,
		0.0,
		0.0,
		0.0,
		0.006506888578293158,
		0.011600892833806678,
		0.020078516011496773,
		0.03373602883292985,
		0.05502733226446676,
		0.0871334900521896,
		0.13394111570420827,
		0.1998779406817181,
		0.2895596026287597,
		0.4072238721606289,
		0.5559690784256762,
		0.7368688507222237,
		0.9480951174877096,
		1.1842292217917447,
		1.4359581681719091,
		1.6903239884761307,
		1.931613681845608,
		2.142854791452777,
		2.307742581808165,
		2.412704511458435,
		2.448742171085299,
		2.412704511458435,
		2.307742581808165,
		2.142854791452777,
		1.931613681845608,
		1.6903239884761307,
		1.4359581681719091,
		1.1842292217917447,
		0.9480951174877096,
		0.7368688507222237,
		0.5559690784256762,
		0.4072238721606289,
		0.2895596026287597,
		0.1998779406817181,
		0.13394111570420827,
		0.0871334900521896,
		0.05502733226446676,
		0.03373602883292985,
		0.020078516011496773,
		0.011600892833806678,
		0.0,
		0.0,
		0.0,
		6.763141899819698,
		8.632134031005785,
		10.738241026418233,
		13.019473375060208,
		15.38505259249919,
		17.71943418356395,
		19.890514268129984,
		20.0,
		20.0,
		20.0,
		20.0,
		20.0,
		20.0,
		20.0,
		19.890514268129984,
		17.71943418356395,
		15.38505259249919,
		13.019473375060208,
		10.738241026418233,
		8.632134031005785,
		0.0,
		0.0,
		0.0,
		0.0,
		0.0,
		0.0,
		0.0,
		0.0,
		0.0,
		0.0
	],
	[
		0.0,
		0.0,
		0.0,
		0.0,
		0.0,
		0.0,
		0.0,
		0.0,
		0.0,
		0.0,
		0.0,
		0.0,
		0.0,
		0.0,
		0.0,
		0.0,
		0.0,
		0.0,
		0.0,
		0.0,
		0.0,
		0.0,
		0.0,
		0.0,
		0.0,
		0.0,
		0.0,
		0.009426413263284718,
		0.01680600624380525,
		0.029087387521778543,
		0.04887278240819418,
		0.07971711340368595,
		0.12622873073995367,
		0.19403810198706278,
		0.2895596026287597,
		0.4194798244796714,
		0.5899379501389959,
		0.8054224737044298,
		1.0674887427642676,
		1.3734884626971675,
		1.7155717219911655,
		2.080246950460056,
		2.448742171085299,
		2.7982942401739894,
		3.1043154626665266,
		3.343185459479574,
		3.4952419322299946,
		3.547449046059737,
		3.4952419322299946,
		3.343185459479574,
		3.1043154626665266,
		2.7982942401739894,
		2.448742171085299,
		2.080246950460056,
		1.7155717219911655,
		1.3734884626971675,
		1.0674887427642676,
		0.8054224737044298,
		0.5899379501389959,
		0.4194798244796714,
		0.2895596026287597,
		0.19403810198706278,
		0.12622873073995367,
		0.07971711340368595,
		0.04887278240819418,
		0.029087387521778543,
		0.01680600624380525,
		0.0,
		0.0,
		0.0,
		7.399288467088205,
		9.444079501523325,
		11.748288615045633,
		14.244095513390485,
		16.83218301485876,
		19.386138416121153,
		20.0,
		20.0,
		20.0,
		20.0,
		20.0,
		20.0,
		20.0,
		20.0,
		20.0,
		19.386138416121153,
		16.83218301485876,
		14.244095513390485,
		11.748288615045633,
		9.444079501523325,
		0.0,
		0.0,
		0.0,
		0.0,
		0.0,
		0.0,
		0.0,
		0.0,
		0.0,
		0.0
	],
	[
		0.0,
		0.0,
		0.0,
		0.0,
		0.0,
		0.0,
		0.0,
		0.0,
		0.0,
		0.0,
		0.0,
		0.0,
		0.0,
		0.0,
		0.0,
		0.0,
		0.0,
		0.0,
		0.0,
		0.0,
		0.0,
		0.0,
		0.0,
		0.0,
		0.0,
		0.0,
		0.0,
		0.01325689244912593,
		0.023635226999991515,
		0.040907220724576754,
		0.06873252869132085,
		0.11211063733685574,
		0.1775225274630205,
		0.2728866406795605,
		0.4072238721606289,
		0.5899379501389959,
		0.8296627506362134,
		1.1327106940660427,
		1.5012691527750086,
		1.931613681845608,
		2.412704511458435,
		2.9255676915083084,
		3.443803140284242,
		3.9353977750460385,
		4.365772544369481,
		4.701708787416201,
		4.915554313720162,
		4.988976099269909,
		4.915554313720162,
		4.701708787416201,
		4.365772544369481,
		3.9353977750460385,
		3.443803140284242,
		2.9255676915083084,
		2.412704511458435,
		1.931613681845608,
		1.5012691527750086,
		1.1327106940660427,
		0.8296627506362134,
		0.5899379501389959,
		0.4072238721606289,
		0.2728866406795605,
		0.1775225274630205,
		0.11211063733685574,
		0.06873252869132085,
		0.040907220724576754,
		0.023635226999991515,
		0.0,
		0.0,
		0.0,
		7.889994775798867,
		10.0703923438967,
		12.52741208963361,
		15.188736009755472,
		17.94846040173215,
		20.0,
		20.0,
		20.0,
		20.0,
		20.0,
		20.0,
		20.0,
		20.0,
		20.0,
		20.0,
		20.0,
		17.94846040173215,
		15.188736009755472,
		12.52741208963361,
		10.0703923438967,
		0.0,
		0.0,
		0.0,
		0.0,
		0.0,
		0.0,
		0.0,
		0.0,
		0.0,
		0.0
	],
	[
		0.0,
		0.0,
		0.0,
		0.0,
		0.0,
		0.0,
		0.0,
		0.0,
		0.0,
		0.0,
		0.0,
		0.0,
		0.0,
		0.0,
		0.0,
		0.0,
		0.0,
		0.0,
		0.0,
		0.0,
		0.0,
		0.0,
		0.0,
		0.0,
		0.0,
		0.0,
		0.0,
		0.018099190105489694,
		0.03226838177203845,
		0.05584925482518784,
		0.09383821344173778,
		0.1530608885750708,
		0.24236554568805188,
		0.3725629672158549,
		0.5559690784256762,
		0.8054224737044298,
		1.1327106940660427,
		1.5464518751356535,
		2.049632362927847,
		2.637167297860488,
		3.2939844529053253,
		3.9941793311130507,
		4.701708787416201,
		5.372866434921983,
		5.9604426558563866,
		6.4190851280314885,
		6.711041244341318,
		6.811281542710565,
		6.711041244341318,
		6.4190851280314885,
		5.9604426558563866,
		5.372866434921983,
		4.701708787416201,
		3.9941793311130507,
		3.2939844529053253,
		2.637167297860488,
		2.049632362927847,
		1.5464518751356535,
		1.1327106940660427,
		0.8054224737044298,
		0.5559690784256762,
		0.3725629672158549,
		0.24236554568805188,
		0.1530608885750708,
		0.09383821344173778,
		0.05584925482518784,
		0.03226838177203845,
		0.0,
		0.0,
		0.0,
		8.199904032683722,
		10.465944926188488,
		13.019473375060208,
		15.785330814132514,
		18.65345377414727,
		20.0,
		20.0,
		20.0,
		20.0,
		20.0,
		20.0,
		20.0,
		20.0,
		20.0,
		20.0,
		20.0,
		18.65345377414727,
		15.785330814132514,
		13.019473375060208,
		10.465944926188488,
		0.0,
		0.0,
		0.0,
		0.0,
		0.0,
		0.0,
		0.0,
		0.0,
		0.0,
		0.0
	],
	[
		0.0,
		0.0,
		0.0,
		0.0,
		0.0,
		0.0,
		0.0,
		0.0,
		0.0,
		0.0,
		0.0,
		0.0,
		0.0,
		0.0,
		0.0,
		0.0,
		0.0,
		0.0,
		0.0,
		0.0,
		0.0,
		0.0,
		0.0,
		0.0,
		0.0,
		0.0,
		0.0,
		0.023988257494104735,
		0.04276778388171921,
		0.07402134005952689,
		0.12437104719643818,
		0.2028634422874874,
		0.321225816391683,
		0.4937865362069929,
		0.7368688507222237,
		1.0674887427642676,
		1.5012691527750086,
		2.049632362927847,
		2.7165364087341444,
		3.4952419322299946,
		4.365772544369481,
		5.29379501038058,
		6.231538560425725,
		7.121075737154038,
		7.899835980183492,
		8.507710346723908,
		8.894662384588559,
		9.02751861045018,
		8.894662384588559,
		8.507710346723908,
		7.899835980183492,
		7.121075737154038,
		6.231538560425725,
		5.29379501038058,
		4.365772544369481,
		3.4952419322299946,
		2.7165364087341444,
		2.049632362927847,
		1.5012691527750086,
		1.0674887427642676,
		0.7368688507222237,
		0.4937865362069929,
		0.321225816391683,
		0.2028634422874874,
		0.12437104719643818,
		0.07402134005952689,
		0.04276778388171921,
		0.0,
		0.0,
		0.0,
		8.305888963720047,
		10.60121875949322,
		13.187751928356084,
		15.989358469950558,
		18.89455232895501,
		20.0,
		20.0,
		20.0,
		20.0,
		20.0,
		20.0,
		20.0,
		20.0,
		20.0,
		20.0,
		20.0,
		18.89455232895501,
		15.989358469950558,
		13.187751928356084,
		10.60121875949322,
		0.0,
		0.0,
		0.0,
		0.0,
		0.0,
		0.0,
		0.0,
		0.0,
		0.0,
		0.0
	],
	[
		0.0,
		0.0,
		0.0,
		0.0,
		0.0,
		0.0,
		0.0,
		0.0,
		0.0,
		0.0,
		0.0,
		0.0,
		0.0,
		0.0,
		0.0,
		0.0,
		0.0,
		0.0,
		0.0,
		0.0,
		0.0,
		0.0,
		0.0,
		0.0,
		0.0,
		0.0,
		0.0,
		0.03086458300538493,
		0.05502733226446676,
		0.09523983953392849,
		0.16002248227510843,
		0.2610150218196975,
		0.4133064219412431,
		0.635332330305679,
		0.9480951174877096,
		1.3734884626971675,
		1.931613681845608,
		2.637167297860488,
		3.4952419322299946,
		4.49716636432332,
		5.61723789697678,
		6.811281542710565,
		8.017832858296767,
		9.16235925977691,
		10.164354096966873,
		10.946477969346649,
		11.444351284851598,
		11.615291254622054,
		11.444351284851598,
		10.946477969346649,
		10.164354096966873,
		9.16235925977691,
		8.017832858296767,
		6.811281542710565,
		5.61723789697678,
		4.49716636432332,
		3.4952419322299946,
		2.637167297860488,
		1.931613681845608,
		1.3734884626971675,
		0.9480951174877096,
		0.635332330305679,
		0.4133064219412431,
		0.2610150218196975,
		0.16002248227510843,
		0.09523983953392849,
		0.05502733226446676,
		0.0,
		0.0,
		0.0,
		8.199904032683722,
		10.465944926188488,
		13.019473375060208,
		15.785330814132514,
		18.65345377414727,
		20.0,
		20.0,
		20.0,
		20.0,
		20.0,
		20.0,
		20.0,
		20.0,
		20.0,
		20.0,
		20.0,
		18.65345377414727,
		15.785330814132514,
		13.019473375060208,
		10.465944926188488,
		0.0,
		0.0,
		0.0,
		0.0,
		0.0,
		0.0,
		0.0,
		0.0,
		0.0,
		0.0
	],
	[
		0.0,
		0.0,
		0.0,
		0.0,
		0.0,
		0.0,
		0.0,
		0.0,
		0.0,
		0.0,
		0.0,
		0.0,
		0.0,
		0.0,
		0.0,
		0.0,
		0.0,
		0.0,
		0.0,
		0.0,
		0.0,
		0.0,
		0.0,
		0.0,
		0.0,
		0.0,
		0.0,
		0.03855176599817004,
		0.06873252869132085,
		0.11896042809892096,
		0.1998779406817181,
		0.3260238455657933,
		0.5162451882612435,
		0.7935692286768722,
		1.1842292217917447,
		1.7155717219911655,
		2.412704511458435,
		3.2939844529053253,
		4.365772544369481,
		5.61723789697678,
		7.016276258212185,
		8.507710346723908,
		10.014767285583186,
		11.444351284851598,
		12.695904577762843,
		13.672825487541767,
		14.294699936735885,
		14.508214492016776,
		14.294699936735885,
		13.672825487541767,
		12.695904577762843,
		11.444351284851598,
		10.014767285583186,
		8.507710346723908,
		7.016276258212185,
		5.61723789697678,
		4.365772544369481,
		3.2939844529053253,
		2.412704511458435,
		1.7155717219911655,
		1.1842292217917447,
		0.7935692286768722,
		0.5162451882612435,
		0.3260238455657933,
		0.1998779406817181,
		0.11896042809892096,
		0.06873252869132085,
		0.0,
		0.0,
		0.0,
		7.889994775798867,
		10.0703923438967,
		12.52741208963361,
		15.188736009755472,
		17.94846040173215,
		20.0,
		20.0,
		20.0,
		20.0,
		20.0,
		20.0,
		20.0,
		20.0,
		20.0,
		20.0,
		20.0,
		17.94846040173215,
		15.188736009755472,
		12.52741208963361,
		10.0703923438967,
		0.0,
		0.0,
		0.0,
		0.0,
		0.0,
		0.0,
		0.0,
		0.0,
		0.0,
		0.0
	],
	[
		0.0,
		0.0,
		0.0,
		0.0,
		0.0,
		0.0,
		0.0,
		0.0,
		0.0,
		0.0,
		0.0,
		0.0,
		0.0,
		0.0,
		0.0,
		0.0,
		0.0,
		0.0,
		0.0,
		0.0,
		0.0,
		0.0,
		0.0,
		0.0,
		0.0,
		0.0,
		0.0,
		0.04674662832484937,
		0.0833428479699928,
		0.14424757916327874,
		0.24236554568805188,
		0.39532600230105347,
		0.6259822686536796,
		0.9622564575837088,
		1.4359581681719091,
		2.080246950460056,
		2.9255676915083084,
		3.9941793311130507,
		5.29379501038058,
		6.811281542710565,
		8.507710346723908,
		10.316175230277553,
		12.143583878394585,
		13.877051338124561,
		15.394644504031417,
		16.579227297835907,
		17.3332922022187,
		17.592193067048992,
		17.3332922022187,
		16.579227297835907,
		15.394644504031417,
		13.877051338124561,
		12.143583878394585,
		10.316175230277553,
		8.507710346723908,
		6.811281542710565,
		5.29379501038058,
		3.9941793311130507,
		2.9255676915083084,
		2.080246950460056,
		1.4359581681719091,
		0.9622564575837088,
		0.6259822686536796,
		0.39532600230105347,
		0.24236554568805188,
		0.14424757916327874,
		0.0833428479699928,
		0.0,
		0.0,
		0.0,
		7.399288467088205,
		9.444079501523325,
		11.748288615045633,
		14.244095513390485,
		16.83218301485876,
		19.386138416121153,
		20.0,
		20.0,
		20.0,
		20.0,
		20.0,
		20.0,
		20.0,
		20.0,
		20.0,
		19.386138416121153,
		16.83218301485876,
		14.244095513390485,
		11.748288615045633,
		9.444079501523325,
		0.0,
		0.0,
		0.0,
		0.0,
		0.0,
		0.0,
		0.0,
		0.0,
		0.0,
		0.0
	],
	[
		0.0,
		0.0,
		0.0,
		0.0,
		0.0,
		0.0,
		0.0,
		0.0,
		0.0,
		0.0,
		0.0,
		0.0,
		0.0,
		0.0,
		0.0,
		0.0,
		0.0,
		0.0,
		0.0,
		0.0,
		0.0,
		0.0,
		0.0,
		0.0,
		0.0,
		0.0,
		0.0,
		0.05502733226446676,
		0.09810621110985777,
		0.16979961446210426,
		0.2852982105865751,
		0.4653541027650896,
		0.7368688507222237,
		1.1327106940660427,
		1.6903239884761307,
		2.448742171085299,
		3.443803140284242,
		4.701708787416201,
		6.231538560425725,
		8.017832858296767,
		10.014767285583186,
		12.143583878394585,
		14.294699936735885,
		16.335234052123553,
		18.121653872657415,
		19.51607381962072,
		20.0,
		20.0,
		20.0,
		19.51607381962072,
		18.121653872657415,
		16.335234052123553,
		14.294699936735885,
		12.143583878394585,
		10.014767285583186,
		8.017832858296767,
		6.231538560425725,
		4.701708787416201,
		3.443803140284242,
		2.448742171085299,
		1.6903239884761307,
		1.1327106940660427,
		0.7368688507222237,
		0.4653541027650896,
		0.2852982105865751,
		0.16979961446210426,
		0.09810621110985777,
		0.0,
		0.0,
		0.0,
		6.763141899819698,
		8.632134031005785,
		10.738241026418233,
		13.019473375060208,
		15.38505259249919,
		17.71943418356395,
		19.890514268129984,
		20.0,
		20.0,
		20.0,
		20.0,
		20.0,
		20.0,
		20.0,
		19.890514268129984,
		17.71943418356395,
		15.38505259249919,
		13.019473375060208,
		10.738241026418233,
		8.632134031005785,
		0.0,
		0.0,
		0.0,
		0.0,
		0.0,
		0.0,
		0.0,
		0.0,
		0.0,
		0.0
	],
	[
		0.0,
		0.0,
		0.0,
		0.0,
		0.0,
		0.0,
		0.0,
		0.0,
		0.0,
		0.0,
		0.0,
		0.0,
		0.0,
		0.0,
		0.0,
		0.0,
		0.0,
		0.0,
		0.0,
		0.0,
		0.0,
		0.0,
		0.0,
		0.0,
		0.0,
		0.0,
		0.0,
		0.06288235190540764,
		0.11211063733685574,
		0.19403810198706278,
		0.3260238455657933,
		0.5317822843030232,
		0.8420551110228744,
		1.2944024276690906,
		1.931613681845608,
		2.7982942401739894,
		3.9353977750460385,
		5.372866434921983,
		7.121075737154038,
		9.16235925977691,
		11.444351284851598,
		13.877051338124561,
		16.335234052123553,
		18.667049516157117,
		20.0,
		20.0,
		20.0,
		20.0,
		20.0,
		20.0,
		20.0,
		18.667049516157117,
		16.335234052123553,
		13.877051338124561,
		11.444351284851598,
		9.16235925977691,
		7.121075737154038,
		5.372866434921983,
		3.9353977750460385,
		2.7982942401739894,
		1.931613681845608,
		1.2944024276690906,
		0.8420551110228744,
		0.5317822843030232,
		0.3260238455657933,
		0.19403810198706278,
		0.11211063733685574,
		0.0,
		0.0,
		0.0,
		6.02493460714455,
		7.68992338580142,
		9.566145578233606,
		11.598377923474965,
		13.70575054764983,
		15.785330814132514,
		17.71943418356395,
		19.386138416121153,
		20.0,
		20.0,
		20.0,
		20.0,
		20.0,
		19.386138416121153,
		17.71943418356395,
		15.785330814132514,
		13.70575054764983,
		11.598377923474965,
		9.566145578233606,
		7.68992338580142,
		0.0,
		0.0,
		0.0,
		0.0,
		0.0,
		0.0,
		0.0,
		0.0,
		0.0,
		0.0
	],
	[
		0.0,
		0.0,
		0.0,
		0.0,
		0.0,
		0.0,
		0.0,
		0.0,
		0.0,
		0.0,
		0.0,
		0.0,
		0.0,
		0.0,
		0.0,
		0.0,
		0.0,
		0.0,
		0.0,
		0.0,
		0.0,
		0.0,
		0.0,
		0.0,
		0.0,
		0.0,
		0.0,
		0.06975916061516725,
		0.12437104719643818,
		0.21525809248260133,
		0.3616777858660665,
		0.5899379501389959,
		0.9341421870643443,
		1.4359581681719091,
		2.142854791452777,
		3.1043154626665266,
		4.365772544369481,
		5.9604426558563866,
		7.899835980183492,
		10.164354096966873,
		12.695904577762843,
		15.394644504031417,
		18.121653872657415,
		20.0,
		20.0,
		20.0,
		20.0,
		20.0,
		20.0,
		20.0,
		20.0,
		20.0,
		18.121653872657415,
		15.394644504031417,
		12.695904577762843,
		10.164354096966873,
		7.899835980183492,
		5.9604426558563866,
		4.365772544369481,
		3.1043154626665266,
		2.142854791452777,
		1.4359581681719091,
		0.9341421870643443,
		0.5899379501389959,
		0.3616777858660665,
		0.21525809248260133,
		0.12437104719643818,
		0.0,
		0.0,
		0.0,
		5.231201788783279,
		6.67684275339814,
		8.305888963720047,
		10.0703923438967,
		11.900136923720645,
		13.70575054764983,
		15.38505259249919,
		16.83218301485876,
		17.94846040173215,
		18.65345377414727,
		18.89455232895501,
		18.65345377414727,
		17.94846040173215,
		16.83218301485876,
		15.38505259249919,
		13.70575054764983,
		11.900136923720645,
		10.0703923438967,
		8.305888963720047,
		6.67684275339814,
		0.0,
		0.0,
		0.0,
		0.0,
		0.0,
		0.0,
		0.0,
		0.0,
		0.0,
		0.0
	],
	[
		0.0,
		0.0,
		0.0,
		0.0,
		0.0,
		0.0,
		0.0,
		0.0,
		0.0,
		0.0,
		0.0,
		0.0,
		0.0,
		0.0,
		0.0,
		0.0,
		0.0,
		0.0,
		0.0,
		0.0,
		0.0,
		0.0,
		0.0,
		0.0,
		0.0,
		0.0,
		0.0,
		0.07512696896912642,
		0.13394111570420827,
		0.23182171189682627,
		0.3895080668398203,
		0.635332330305679,
		1.0060222984546097,
		1.5464518751356535,
		2.307742581808165,
		3.343185459479574,
		4.701708787416201,
		6.4190851280314885,
		8.507710346723908,
		10.946477969346649,
		13.672825487541767,
		16.579227297835907,
		19.51607381962072,
		20.0,
		0.00017940861487125904,
		0.0003279769793593124,
		0.000584378852307605,
		0.0010148379082616683,
		0.0017177103510104728,
		0.0028337024450670175,
		0.004556271741108714,
		0.007140293307116078,
		0.01090620224222108,
		0.016236114400227628,
		0.023558179115429918,
		0.03331596499493648,
		0.045921295932161724,
		0.06169172800601921,
		0.08077757208785756,
		0.10308743099356282,
		0.12822470219555526,
		0.15544928979845174,
		0.18367787498085328,
		0.21153196865570956,
		0.23743581951485637,
		0.25975715793749055,
		0.27697455395163917,
		0.2878480424154746,
		0.291566584765831,
		0.2878480424154746,
		0.27697455395163917,
		0.25975715793749055,
		0.23743581951485637,
		0.21153196865570956,
		0.18367787498085328,
		0.15544928979845174,
		0.12822470219555526,
		0.10308743099356282,
		0.08077757208785756,
		0.06169172800601921,
		0.045921295932161724,
		0.03331596499493648,
		0.023558179115429918,
		0.016236114400227628,
		0.01090620224222108,
		0.007140293307116078,
		0.004556271741108714,
		0.0028337024450670175,
		0.0017177103510104728,
		0.0010148379082616683,
		0.000584378852307605,
		0.0003279769793593124,
		0.0,
		0.0,
		0.0,
		0.0,
		0.0,
		0.0,
		0.0,
		0.0
	],
	[
		0.0,
		0.0,
		0.0,
		0.0,
		0.0,
		0.0,
		0.0,
		0.0,
		0.0,
		0.0,
		0.0,
		0.0,
		0.0,
		0.0,
		0.0,
		0.0,
		0.0,
		0.0,
		0.0,
		0.0,
		0.0,
		0.0,
		0.0,
		0.0,
		0.0,
		0.0,
		0.0,
		0.078543932236146,
		0.14003309410537298,
		0.24236554568805188,
		0.4072238721606289,
		0.664228840637363,
		1.0517787197077373,
		1.6167883910907104,
		2.412704511458435,
		3.4952419322299946,
		4.915554313720162,
		6.711041244341318,
		8.894662384588559,
		11.444351284851598,
		14.294699936735885,
		17.3332922022187,
		20.0,
		20.0,
		0.0002884686793676543,
		0.0005273497382868975,
		0.0009396148334154813,
		0.0016317441131717585,
		0.0027618831840806953,
		0.004556271741108714,
		0.007325967557025875,
		0.011480780797953984,
		0.017535934715217857,
		0.026105828209290305,
		0.03787887678978671,
		0.05356828840602075,
		0.07383622911256331,
		0.09919329302316449,
		0.1298811629498994,
		0.16575288259962553,
		0.20617076014552135,
		0.2499448054318754,
		0.2953331648137704,
		0.3401193843781684,
		0.38176983496125144,
		0.41766001237060435,
		0.4453436299823638,
		0.46282696465686,
		0.4688059584847192,
		0.46282696465686,
		0.4453436299823638,
		0.41766001237060435,
		0.38176983496125144,
		0.3401193843781684,
		0.2953331648137704,
		0.2499448054318754,
		0.20617076014552135,
		0.16575288259962553,
		0.1298811629498994,
		0.09919329302316449,
		0.07383622911256331,
		0.05356828840602075,
		0.03787887678978671,
		0.026105828209290305,
		0.017535934715217857,
		0.011480780797953984,
		0.007325967557025875,
		0.004556271741108714,
		0.0027618831840806953,
		0.0016317441131717585,
		0.0009396148334154813,
		0.0005273497382868975,
		0.0,
		0.0,
		0.0,
		0.0,
		0.0,
		0.0,
		0.0,
		0.0
	],
	[
		0.0,
		0.0,
		0.0,
		0.0,
		0.0,
		0.0,
		0.0,
		0.0,
		0.0,
		0.0,
		0.0,
		0.0,
		0.0,
		0.0,
		0.0,
		0.0,
		0.0,
		0.0,
		0.0,
		0.0,
		0.0,
		0.0,
		0.0,
		0.0,
		0.0,
		0.0,
		0.0,
		0.07971711340368595,
		0.14212471575149643,
		0.24598566866594013,
		0.4133064219412431,
		0.674150176946701,
		1.0674887427642676,
		1.640937751051733,
		2.448742171085299,
		3.547449046059737,
		4.988976099269909,
		6.811281542710565,
		9.02751861045018,
		11.615291254622054,
		14.508214492016776,
		17.592193067048992,
		20.0,
		20.0,
		0.0004520693886665015,
		0.0008264282774940617,
		0.001472503372828012,
		0.00255716345122365,
		0.004328244041372522,
		0.007140293307116078,
		0.011480780797953984,
		0.017991934403839935,
		0.027481178559079028,
		0.040911359337439016,
		0.059361316837826195,
		0.08394874426126707,
		0.11571134526467762,
		0.15544928979845174,
		0.20354132747708975,
		0.25975715793749055,
		0.3230974319437486,
		0.3916972741707822,
		0.46282696465686,
		0.5330130207082239,
		0.5982849031671897,
		0.6545296594303122,
		0.6979136278987743,
		0.7253123750885102,
		0.7346822660954857,
		0.7253123750885102,
		0.6979136278987743,
		0.6545296594303122,
		0.5982849031671897,
		0.5330130207082239,
		0.46282696465686,
		0.3916972741707822,
		0.3230974319437486,
		0.25975715793749055,
		0.20354132747708975,
		0.15544928979845174,
		0.11571134526467762,
		0.08394874426126707,
		0.059361316837826195,
