[
	[
		0.0,
		0.0,
		0.0,
		0.0,
		0.0,
		0.0,
		0.0,
		0.0,
		0.0,
		0.0,
		0.0,
		0.0,
		0.0,
		0.0,
		0.0,
		0.0,
		0.0,
		0.0,
		0.0,
		0.0,
		0.0,
		0.0,
		0.0,
		0.0,
		0.11823884097661676,
		0.1852287348838104,
		0.2835693016346185,
		0.4242410835666076,
		0.6202530230650972,
		0.886191770229962,
		1.2373403968219858,
		1.6883144133931263,
		2.251231312624097,
		2.933523489176195,
		3.7356112605757286,
		4.64875264304432,
		5.653453927914237,
		6.7188343347313975,
		7.80327055566939,
		8.856498508798449,
		9.823134696327509,
		10.64733212023158,
		11.278053740088016,
		11.674281866258406,
		11.809427559849361,
		11.674281866258406,
		11.278053740088016,
		10.64733212023158,
		9.823134696327509,
		8.856498508798449
	],
	[
		0.0,
		0.0,
		0.0,
		0.0,
		0.0,
		0.0,
		0.0,
		0.0,
		0.0,
		0.0,
		0.0,
		0.0,
		0.0,
		0.0,
		0.0,
		0.0,
		0.0,
		0.0,
		0.0,
		0.0,
		0.0,
		0.0,
		0.0,
		0.0,
		0.14379294646951338,
		0.22526088161698715,
		0.3448550837741029,
		0.5159292404728973,
		0.7543038227243063,
		1.0777179878107976,
		1.5047578272521835,
		2.053197596183779,
		2.73777365333501,
		3.5675247030676926,
		4.542961903094994,
		5.653453927914237,
		6.875294034598995,
		8.170927402972628,
		9.489734980744604,
		10.770589473511771,
		11.94613774868768,
		12.948463000498856,
		13.71549792212091,
		14.19735996732991,
		14.361713722184057,
		14.19735996732991,
		13.71549792212091,
		12.948463000498856,
		11.94613774868768,
		10.770589473511771
	],
	[
		0.0,
		0.0,
		0.0,
		0.0,
		0.0,
		0.0,
		0.0,
		0.0,
		0.0,
		0.0,
		0.0,
		0.0,
		0.0,
		0.0,
		0.0,
		0.0,
		0.0,
		0.0,
		0.0,
		0.0,
		0.0,
		0.0,
		0.0,
		0.0,
		0.17089039694146702,
		0.26771077733686593,
		0.40984223218441385,
		0.6131549207583427,
		0.8964506454922149,
		1.280811467111803,
		1.7883259833918579,
		2.4401179670207482,
		3.2537008096812636,
		4.239816538810444,
		5.399072638618376,
		6.7188343347313975,
		8.170927402972628,
		9.710719903565996,
		11.278053740088016,
		12.80028231991373,
		14.19735996732991,
		15.38857111051894,
		16.30015200125304,
		16.872819842051836,
		17.068145684490155,
		16.872819842051836,
		16.30015200125304,
		15.38857111051894,
		14.19735996732991,
		12.80028231991373
	],
	[
		0.0,
		0.0,
		0.0,
		0.0,
		0.0,
		0.0,
		0.0,
		0.0,
		0.0,
		0.0,
		0.0,
		0.0,
		0.0,
		0.0,
		0.0,
		0.0,
		0.0,
		0.0,
		0.0,
		0.0,
		0.0,
		0.0,
		0.0,
		0.0,
		0.19847252309924898,
		0.3109199486329711,
		0.4759917663608099,
		0.7121196179052162,
		1.041139962391984,
		1.4875375564795497,
		2.0769661514057955,
		2.8339589482040806,
		3.77885604261717,
		4.924133251465601,
		6.270496108390099,
		7.80327055566939,
		9.489734980744604,
		11.278053740088016,
		13.098359074037816,
		14.86627905303627,
		16.488848434411317,
		17.87232395652416,
		18.931036222579852,
		19.596134047240334,
		19.822985956236124,
		19.596134047240334,
		18.931036222579852,
		17.87232395652416,
		16.488848434411317,
		14.86627905303627
	],
	[
		0.0,
		0.0,
		0.0,
		0.0,
		0.0,
		0.0,
		0.0,
		0.0,
		0.0,
		0.0,
		0.0,
		0.0,
		0.0,
		0.0,
		0.0,
		0.0,
		0.0,
		0.0,
		0.0,
		0.0,
		0.0,
		0.0,
		0.0,
		0.0,
		0.22526088161698715,
		0.352885631964017,
		0.5402376271462271,
		0.8082362759396398,
		1.1816653617982986,
		1.6883144133931263,
		2.3572997362478776,
		3.216465842073111,
		4.2888981828379045,
		5.588756469176262,
		7.11684146246028,
		8.856498508798449,
		10.770589473511771,
		12.80028231991373,
		14.86627905303627,
		16.872819842051836,
		18.714391680943095,
		20.0,
		20.0,
		20.0,
		20.0,
		20.0,
		20.0,
		20.0,
		18.714391680943095,
		16.872819842051836
	],
	[
		0.0,
		0.0,
		0.0,
		0.0,
		0.0,
		0.0,
		0.0,
		0.0,
		0.0,
		0.0,
		0.0,
		0.0,
		0.0,
		0.0,
		0.0,
		0.0,
		0.0,
		0.0,
		0.0,
		0.0,
		0.0,
		0.0,
		0.0,
		0.0,
		0.2498468192298442,
		0.39140108156033376,
		0.5992014760923523,
		0.8964506454922149,
		1.3106373815111794,
		1.8725842810266387,
		2.6145855278783046,
		3.5675247030676926,
		4.757006903687358,
		6.198737291848565,
		7.893604027449937,
		9.823134696327509,
		11.94613774868768,
		14.19735996732991,
		16.488848434411317,
		18.714391680943095,
		20.0,
		20.0,
		20.0,
		20.0,
		20.0,
		20.0,
		20.0,
		20.0,
		20.0,
		18.714391680943095
	],
	[
		0.0,
		0.0,
		0.0,
		0.0,
		0.0,
		0.0,
		0.0,
		0.0,
		0.0,
		0.0,
		0.0,
		0.0,
		0.0,
		0.0,
		0.0,
		0.0,
		0.0,
		0.0,
		0.0,
		0.0,
		0.0,
		0.0,
		0.0,
		0.0,
		0.2708098937621368,
		0.4242410835666076,
		0.6494767016961985,
		0.9716661785692532,
		1.4206047174897594,
		2.0297010454992286,
		2.8339589482040806,
		3.866853253564085,
		5.156137421258171,
		6.7188343347313975,
		8.555906673791062,
		10.64733212023158,
		12.948463000498856,
		15.38857111051894,
		17.87232395652416,
		20.0,
		20.0,
		20.0,
		20.0,
		20.0,
		20.0,
		20.0,
		20.0,
		20.0,
		20.0,
		20.0
	],
	[
		0.0,
		0.0,
		0.0,
		0.0,
		0.0,
		0.0,
		0.0,
		0.0,
		0.0,
		0.0,
		0.0,
		0.0,
		0.0,
		0.0,
		0.0,
		0.0,
		0.0,
		0.0,
		0.0,
		0.0,
		0.0,
		0.0,
		0.0,
		0.0,
		0.286852002051616,
		0.44937207604577917,
		0.6879500950990832,
		1.0292252796836443,
		1.5047578272521835,
		2.149935515203526,
		3.001835666825593,
		4.095916076090375,
		5.461574248983202,
		7.11684146246028,
		9.062737423099616,
		11.278053740088016,
		13.71549792212091,
		16.30015200125304,
		18.931036222579852,
		20.0,
		20.0,
		20.0,
		20.0,
		20.0,
		20.0,
		20.0,
		20.0,
		20.0,
		20.0,
		20.0
	],
	[
		0.0,
		0.0,
		0.0,
		0.0,
		0.0,
		0.0,
		0.0,
		0.0,
		0.0,
		0.0,
		0.0,
		0.0,
		0.0,
		0.0,
		0.0,
		0.0,
		0.0,
		0.0,
		0.0,
		0.0,
		0.0,
		0.0,
		0.0,
		0.0,
		0.29692987841933827,
		0.4651597163380061,
		0.7121196179052162,
		1.0653847105016305,
		1.5576239855426923,
		2.225468487488301,
		3.107298164943507,
		4.239816538810444,
		5.653453927914237,
		7.3668750960914995,
		9.381135574933658,
		11.674281866258406,
		14.19735996732991,
		16.872819842051836,
		19.596134047240334,
		20.0,
		20.0,
		20.0,
		20.0,
		20.0,
		20.0,
		20.0,
		20.0,
		20.0,
		20.0,
		20.0
	],
	[
		0.0,
		0.0,
		0.0,
		0.0,
		0.0,
		0.0,
		0.0,
		0.0,
		0.0,
		0.0,
		0.0,
		0.0,
		0.0,
		0.0,
		0.0,
		0.0,
		0.0,
		0.0,
		0.0,
		0.0,
		0.0,
		0.0,
		0.0,
		0.0,
		0.3003672456875418,
		0.4705445728298447,
		0.7203633712070519,
		1.0777179878107976,
		1.5756556020730843,
		2.251231312624097,
		3.14326936818376,
		4.2888981828379045,
		5.718900347747627,
		7.452156696781367,
		9.489734980744604,
		11.809427559849361,
		14.361713722184057,
		17.068145684490155,
		19.822985956236124,
		20.0,
		20.0,
		20.0,
		20.0,
		20.0,
		20.0,
		20.0,
		20.0,
		20.0,
		20.0,
		20.0
	],
	[
		0.0,
		0.0,
		0.0,
		0.0,
		0.0,
		0.0,
		0.0,
		0.0,
		0.0,
		0.0,
		0.0,
		0.0,
		0.0,
		0.0,
		0.0,
		0.0,
		0.0,
		0.0,
		0.0,
		10.816394591160481,
		12.35999674984333,
		13.903950414594123,
		15.39721178850623,
		16.785333569885317,
		0.29692987841933827,
		0.4651597163380061,
		0.7121196179052162,
		1.0653847105016305,
		1.5576239855426923,
		2.225468487488301,
		3.107298164943507,
		4.239816538810444,
		5.653453927914237,
		7.3668750960914995,
		9.381135574933658,
		11.674281866258406,
		14.19735996732991,
		16.872819842051836,
		19.596134047240334,
		20.0,
		20.0,
		20.0,
		20.0,
		20.0,
		20.0,
		20.0,
		20.0,
		20.0,
		20.0,
		20.0
	],
	[
		0.0,
		0.0,
		0.0,
		0.0,
		0.0,
		0.0,
		0.0,
		0.0,
		0.0,
		0.0,
		0.0,
		0.0,
		0.0,
		0.0,
		0.0,
		0.0,
		0.0,
		0.0,
		0.0,
		11.978057555019896,
		13.687440043142715,
		15.39721178850623,
		17.050846974488127,
		18.58805074886999,
		0.286852002051616,
		0.44937207604577917,
		0.6879500950990832,
		1.0292252796836443,
		1.5047578272521835,
		2.149935515203526,
		3.001835666825593,
		4.095916076090375,
		5.461574248983202,
		7.11684146246028,
		9.062737423099616,
		11.278053740088016,
		13.71549792212091,
		16.30015200125304,
		18.931036222579852,
		20.0,
		20.0,
		20.0,
		20.0,
		20.0,
		20.0,
		20.0,
		20.0,
		20.0,
		20.0,
		20.0
	],
	[
		0.0,
		0.0,
		0.0,
		0.0,
		0.0,
		0.0,
		0.0,
		0.0,
		0.0,
		0.0,
		0.0,
		0.0,
		0.0,
		0.0,
		0.0,
		0.0,
		0.0,
		0.0,
		0.0,
		13.057928561480121,
		14.921418890494142,
		16.785333569885317,
		18.58805074886999,
		20.0,
		0.2708098937621368,
		0.4242410835666076,
		0.6494767016961985,
		0.9716661785692532,
		1.4206047174897594,
		2.0297010454992286,
		2.8339589482040806,
		3.866853253564085,
		5.156137421258171,
		6.7188343347313975,
		8.555906673791062,
		10.64733212023158,
		12.948463000498856,
		15.38857111051894,
		17.87232395652416,
		20.0,
		20.0,
		20.0,
		20.0,
		20.0,
		20.0,
		20.0,
		20.0,
		20.0,
		20.0,
		20.0
	],
	[
		0.0,
		0.0,
		0.0,
		0.0,
		0.0,
		0.0,
		0.0,
		0.0,
		0.0,
		0.0,
		0.0,
		0.0,
		0.0,
		0.0,
		0.0,
		0.0,
		0.0,
		0.0,
		0.0,
		14.013486534264244,
		16.013344054499413,
		18.01365697838211,
		19.948294068319218,
		20.0,
		0.2498468192298442,
		0.39140108156033376,
		0.5992014760923523,
		0.8964506454922149,
		1.3106373815111794,
		1.8725842810266387,
		2.6145855278783046,
		3.5675247030676926,
		4.757006903687358,
		6.198737291848565,
		7.893604027449937,
		9.823134696327509,
		11.94613774868768,
		14.19735996732991,
		16.488848434411317,
		18.714391680943095,
		20.0,
		20.0,
		20.0,
		20.0,
		20.0,
		20.0,
		20.0,
		20.0,
		20.0,
		18.714391680943095
	],
	[
		0.0,
		0.0,
		0.009565808269486586,
		0.01439564701845736,
		0.021134041403986618,
		0.03026744529009845,
		0.04228738460367902,
		0.05763519046549564,
		0.0766313518809982,
		0.09939558384315594,
		0.12576782153212773,
		0.1552436464705215,
		0.18693902765369208,
		0.21959779300776486,
		0.25165050726609794,
		0.28132575734978926,
		0.3068054221965108,
		0.32640620947132826,
		0.3387627431367656,
		0.34298467623269174,
		0.3387627431367656,
		0.32640620947132826,
		0.3068054221965108,
		0.28132575734978926,
		0.22526088161698715,
		0.352885631964017,
		0.5402376271462271,
		0.8082362759396398,
		1.1816653617982986,
		1.6883144133931263,
		2.3572997362478776,
		3.216465842073111,
		4.2888981828379045,
		5.588756469176262,
		7.11684146246028,
		8.856498508798449,
		10.770589473511771,
		12.80028231991373,
		14.86627905303627,
		16.872819842051836,
		18.714391680943095,
		20.0,
		20.0,
		20.0,
		20.0,
		20.0,
		20.0,
		20.0,
		18.714391680943095,
		16.872819842051836
	],
	[
		0.0,
		0.0,
		0.015126814957910368,
		0.022764442116430396,
		0.03342014857758383,
		0.047863184296978244,
		0.06687081989655776,
		0.09114095084013912,
		0.12118037987192398,
		0.157178417345551,
		0.1988819460290209,
		0.24549330776800876,
		0.2956145471522044,
		0.34725922644613594,
		0.39794553165164503,
		0.4448722527607861,
		0.4851643184668676,
		0.5161598678007704,
		0.5356997742062224,
		0.5423760945868498,
		0.5356997742062224,
		0.5161598678007704,
		0.4851643184668676,
		0.4448722527607861,
		0.19847252309924898,
		0.3109199486329711,
		0.4759917663608099,
		0.7121196179052162,
		1.041139962391984,
		1.4875375564795497,
		2.0769661514057955,
		2.8339589482040806,
		3.77885604261717,
		4.924133251465601,
		6.270496108390099,
		7.80327055566939,
		9.489734980744604,
		11.278053740088016,
		13.098359074037816,
		14.86627905303627,
		16.488848434411317,
		17.87232395652416,
		18.931036222579852,
		19.596134047240334,
		19.822985956236124,
		19.596134047240334,
		18.931036222579852,
		17.87232395652416,
		16.488848434411317,
		14.86627905303627
	],
	[
		0.0,
		0.0,
		0.023335395405739697,
		0.03511758816750675,
		0.05155562382077424,
		0.07383618653731909,
		0.10315833357743036,
		0.14059867403861798,
		0.18693902765369208,
		0.24247143421879228,
		0.3068054221965108,
		0.37871048348044306,
		0.4560300608343208,
		0.5356997742062224,
		0.6138910508839367,
		0.6862826015985855,
		0.7484391948789028,
		0.7962545083825889,
		0.8263977634849407,
		0.8366969954363354,
		0.8263977634849407,
		0.7962545083825889,
		0.7484391948789028,
		0.6862826015985855,
		0.17089039694146702,
		0.26771077733686593,
		0.40984223218441385,
		0.6131549207583427,
		0.8964506454922149,
		1.280811467111803,
		1.7883259833918579,
		2.4401179670207482,
		3.2537008096812636,
		4.239816538810444,
		5.399072638618376,
		6.7188343347313975,
		8.170927402972628,
		9.710719903565996,
		11.278053740088016,
		12.80028231991373,
		14.19735996732991,
		15.38857111051894,
		16.30015200125304,
		16.872819842051836,
		17.068145684490155,
		16.872819842051836,
		16.30015200125304,
		15.38857111051894,
		14.19735996732991,
		12.80028231991373
	],
	[
		0.0,
		0.0,
		0.03511758816750675,
		0.05284868660932462,
		0.07758639326983632,
		0.11111655686961296,
		0.1552436464705215,
		0.21158785809865718,
		0.28132575734978926,
		0.36489683681065294,
		0.4617134733275187,
		0.5699238672558504,
		0.6862826015985855,
		0.8061780709048216,
		0.9238486312238533,
		1.0327911462574286,
		1.126331007346584,
		1.1982885833176193,
		1.2436513637765316,
		1.2591507448593033,
		1.2436513637765316,
		1.1982885833176193,
		1.126331007346584,
		1.0327911462574286,
		0.14379294646951338,
		0.22526088161698715,
		0.3448550837741029,
		0.5159292404728973,
		0.7543038227243063,
		1.0777179878107976,
		1.5047578272521835,
		2.053197596183779,
		2.73777365333501,
		3.5675247030676926,
		4.542961903094994,
		5.653453927914237,
		6.875294034598995,
		8.170927402972628,
		9.489734980744604,
		10.770589473511771,
		11.94613774868768,
		12.948463000498856,
		13.71549792212091,
		14.19735996732991,
		14.361713722184057,
		14.19735996732991,
		13.71549792212091,
		12.948463000498856,
		11.94613774868768,
		10.770589473511771
	],
	[
		0.0,
		0.0,
		0.05155562382077424,
		0.07758639326983632,
		0.11390346301547627,
		0.16312861176298013,
		0.2279109544716696,
		0.3106290775193691,
		0.41301027985857514,
		0.5356997742062224,
		0.6778348795001161,
		0.8366969954363354,
		1.0075215722102642,
		1.1835383784864664,
		1.3562888280233438,
		1.5162257603767144,
		1.653550279007014,
		1.7591901566695145,
		1.8257865992739646,
		1.8485410167113652,
		1.8257865992739646,
		1.7591901566695145,
		1.653550279007014,
		1.5162257603767144,
		1.3562888280233438,
		1.1835383784864664,
		1.0075215722102642,
		0.8366969954363354,
		0.6778348795001161,
		0.5356997742062224,
		0.41301027985857514,
		0.3106290775193691,
		0.2279109544716696,
		0.16312861176298013,
		0.11390346301547627,
		0.07758639326983632,
		18.01365697838211,
		0.0,
		0.0,
		0.0,
		0.0,
		0.0,
		0.0,
		0.0,
		0.0,
		0.0,
		0.0,
		0.0,
		0.0,
		0.0
	],
	[
		0.0,
		0.0,
		0.07383618653731909,
		0.11111655686961296,
		0.16312861176298013,
		0.23362717226693475,
		0.32640620947132826,
		0.4448722527607861,
		0.5914990801290658,
		0.7672107429791609,
		0.9707717392434059,
		1.1982885833176193,
		1.4429376512774177,
		1.6950228512760246,
		1.9424300877930798,
		2.171486246874829,
		2.3681576868128444,
		2.5194514766035314,
		2.614828605119289,
		2.6474166970856783,
		2.614828605119289,
		2.5194514766035314,
		2.3681576868128444,
		2.171486246874829,
		1.9424300877930798,
		1.6950228512760246,
		1.4429376512774177,
		1.1982885833176193,
		0.9707717392434059,
		0.7672107429791609,
		0.5914990801290658,
		0.4448722527607861,
		0.32640620947132826,
		0.23362717226693475,
		0.16312861176298013,
		0.11111655686961296,
		17.59454003445045,
		0.0,
		0.0,
		0.0,
		0.0,
		0.0,
		0.0,
		0.0,
		0.0,
		0.0,
		0.0,
		0.0,
		0.0,
		0.0
	],
	[
		0.0,
		0.0,
		0.10315833357743036,
		0.1552436464705215,
		0.2279109544716696,
		0.32640620947132826,
		0.4560300608343208,
		0.6215418536877543,
		0.8263977634849407,
		1.0718888049348345,
		1.3562888280233438,
		1.6741581492352313,
		2.0159633174808635,
		2.3681576868128444,
		2.713816359490867,
		3.0338362951707407,
		3.308610751406032,
		3.519986988009651,
		3.6532406959880954,
		3.6987703125538394,
		3.6532406959880954,
		3.519986988009651,
		3.308610751406032,
		3.0338362951707407,
		2.713816359490867,
		2.3681576868128444,
		2.0159633174808635,
		1.6741581492352313,
		1.3562888280233438,
		1.0718888049348345,
		0.8263977634849407,
		0.6215418536877543,
		0.4560300608343208,
		0.32640620947132826,
		0.2279109544716696,
		0.1552436464705215,
		16.917569391489224,
		0.0,
		0.0,
		0.0,
		0.0,
		0.0,
		0.0,
		0.0,
		0.0,
		0.0,
		0.0,
		0.0,
		0.0,
		0.0
	],
	[
		0.0,
		0.0,
		0.14059867403861798,
		0.21158785809865718,
		0.3106290775193691,
		0.4448722527607861,
		0.6215418536877543,
		0.847124584679431,
		1.126331007346584,
		1.4609206979633587,
		1.8485410167113652,
		2.2817779984468363,
		2.747638116270579,
		3.2276580973492344,
		3.6987703125538394,
		4.134938453916275,
		4.509439697457267,
		4.797532937810311,
		4.979149817443558,
		5.041203977264056,
		4.979149817443558,
		4.797532937810311,
		4.509439697457267,
		4.134938453916275,
		3.6987703125538394,
		3.2276580973492344,
		2.747638116270579,
		2.2817779984468363,
		1.8485410167113652,
		1.4609206979633587,
		1.126331007346584,
		0.847124584679431,
		0.6215418536877543,
		0.4448722527607861,
		0.3106290775193691,
		0.21158785809865718,
		16.013344054499413,
		0.0,
		0.0,
		0.0,
		0.0,
		0.0,
		0.0,
		0.0,
		0.0,
		0.0,
		0.0,
		0.0,
		0.0,
		0.0
	],
	[
		0.0,
		0.0,
		0.18693902765369208,
		0.28132575734978926,
		0.41301027985857514,
		0.5914990801290658,
		0.8263977634849407,
		1.126331007346584,
		1.4975619419550217,
		1.9424300877930798,
		2.457807391178343,
		3.0338362951707407,
		3.6532406959880954,
		4.291471953364964,
		4.917859506649682,
		5.497785660273409,
		5.995719931712003,
		6.378766717846037,
		6.620243268861104,
		6.702750051930226,
		6.620243268861104,
		6.378766717846037,
		5.995719931712003,
		5.497785660273409,
		4.917859506649682,
		4.291471953364964,
		3.6532406959880954,
		3.0338362951707407,
		2.457807391178343,
		1.9424300877930798,
		1.4975619419550217,
		1.126331007346584,
		0.8263977634849407,
		0.5914990801290658,
		0.41301027985857514,
		0.28132575734978926,
		14.921418890494142,
		0.0,
		0.0,
		0.0,
		0.0,
		0.0,
		0.0,
		0.0,
		0.0,
		0.0,
		0.0,
		0.0,
		0.0,
		0.0
	],
	[
		0.0,
		0.0,
		0.24247143421879228,
		0.36489683681065294,
		0.5356997742062224,
		0.7672107429791609,
		1.0718888049348345,
		1.4609206979633587,
		1.9424300877930798,
		2.5194514766035314,
		3.187927586082057,
		3.935072557656734,
		4.738478220522606,
		5.566303476071249,
		6.378766717846037,
		7.130966662261207,
		7.776818084822732,
		8.273653361931782,
		8.586863323434834,
		8.69387970345265,
		1.8730300810029368,
		2.293020722061755,
		2.7707836190265396,
		3.304674186060923,
		3.89032683908715,
		4.520379902327848,
		5.184360417004906,
		5.868766646810801,
		6.557373203102033,
		7.231766021017783,
		7.872093357350055,
		8.457996674488252,
		8.969664290777729,
		9.38893370440675,
		9.700357959691633,
		9.892149101304343,
		9.956918478215421,
		9.892149101304343,
		9.700357959691633,
		9.38893370440675,
		8.969664290777729,
		8.457996674488252,
		7.872093357350055,
		7.231766021017783,
		6.557373203102033,
		5.868766646810801,
		5.184360417004906,
		4.520379902327848,
		3.89032683908715,
		3.304674186060923
	],
	[
		0.0,
		0.0,
		0.3068054221965108,
		0.4617134733275187,
		0.6778348795001161,
		0.9707717392434059,
		1.3562888280233438,
		1.8485410167113652,
		2.457807391178343,
		3.187927586082057,
		4.033767821479751,
		4.979149817443558,
		5.995719931712003,
		7.043188792742277,
		8.07121969755779,
		9.02299788234077,
		9.840210512000088,
		10.468869130887198,
		10.865181854423884,
		11.00059246788065,
		2.204967504899126,
		2.6993886705221435,
		3.261820461414544,
		3.89032683908715,
		4.57976855290593,
		5.321479294713132,
		6.103130093383256,
		6.908826441871399,
		7.719467496535955,
		8.513375861448784,
		9.267181677720165,
		9.956918478215421,
		10.559263565285978,
		11.052835687926466,
		11.419450388942312,
		11.645230657648455,
		11.72147843009481,
		11.645230657648455,
		11.419450388942312,
		11.052835687926466,
		10.559263565285978,
		9.956918478215421,
		9.267181677720165,
		8.513375861448784,
		7.719467496535955,
		6.908826441871399,
		6.103130093383256,
		5.321479294713132,
		4.57976855290593,
		3.89032683908715
	],
	[
		0.0,
		0.0,
		0.37871048348044306,
		0.5699238672558504,
		0.8366969954363354,
		1.1982885833176193,
		1.6741581492352313,
		2.2817779984468363,
		3.0338362951707407,
		3.935072557656734,
		4.979149817443558,
		6.146098139940421,
		7.40091872528127,
		8.69387970345265,
		9.962847110248203,
		11.137690677042896,
		12.146430965493133,
		12.922426408462826,
		13.411621749488766,
		13.578768139938639,
		2.56207028527474,
		3.136564818205094,
		3.790084552957467,
		4.520379902327848,
		5.321479294713132,
		6.1833128807551425,
		7.091554966084926,
		8.027736868461885,
		8.969664290777729,
		9.892149101304343,
		10.76803660460999,
		11.569478874068835,
		12.26937601343067,
		12.842883997674194,
		13.268873328369823,
		13.531219560760134,
		13.619815946724621,
		13.531219560760134,
		13.268873328369823,
		12.842883997674194,
		12.26937601343067,
		11.569478874068835,
		10.76803660460999,
		9.892149101304343,
		8.969664290777729,
		8.027736868461885,
		7.091554966084926,
		6.1833128807551425,
		5.321479294713132,
		4.520379902327848
	],
	[
		0.0,
		0.0,
		0.4560300608343208,
		0.6862826015985855,
		1.0075215722102642,
		1.4429376512774177,
		2.0159633174808635,
		2.747638116270579,
		3.6532406959880954,
		4.738478220522606,
		5.995719931712003,
		7.40091872528127,
		8.911930257389267,
		10.468869130887198,
		11.996915775911294,
		13.411621749488766,
		14.626311902452928,
		15.560738765454989,
		16.149810868972413,
		16.351082769091413,
		2.938402536858168,
		3.5972822727794975,
		4.346794906183824,
		5.184360417004906,
		6.103130093383256,
		7.091554966084926,
		8.133205096822149,
		9.206899012526016,
		10.28718238460078,
		11.345167297443975,
		12.349710411076664,
		13.268873328369823,
		14.071575557758527,
		14.729323834804282,
		15.217885033606958,
		15.518766254243811,
		15.620376208807022,
		15.518766254243811,
		15.217885033606958,
		14.729323834804282,
		14.071575557758527,
		13.268873328369823,
		12.349710411076664,
		11.345167297443975,
		10.28718238460078,
		9.206899012526016,
		8.133205096822149,
		7.091554966084926,
		6.103130093383256,
		5.184360417004906
	],
	[
		0.0,
		0.0,
		0.5356997742062224,
		0.8061780709048216,
		1.1835383784864664,
		1.6950228512760246,
		2.3681576868128444,
		3.2276580973492344,
		4.291471953364964,
		5.566303476071249,
		7.043188792742277,
		8.69387970345265,
		10.468869130887198,
		12.297809533324285,
		14.092810155034131,
		15.754669176404608,
		17.181569059896788,
		18.27924288123791,
		18.971227511084752,
		19.207662169033703,
		3.3263117175753907,
		4.072172558143364,
		4.920631073847381,
		5.868766646810801,
		6.908826441871399,
		8.027736868461885,
		9.206899012526016,
		10.42233515787929,
		11.645230657648455,
		12.842883997674194,
		13.98004049266512,
		15.020545441800547,
		15.929215305050263,
		16.673795318751065,
		17.22685325412422,
		17.567454896427755,
		17.6824787497788,
		17.567454896427755,
		17.22685325412422,
		16.673795318751065,
		15.929215305050263,
		15.020545441800547,
		13.98004049266512,
		12.842883997674194,
		11.645230657648455,
		10.42233515787929,
		9.206899012526016,
		8.027736868461885,
		6.908826441871399,
		5.868766646810801
	],
	[
		0.0,
		0.0,
		0.6138910508839367,
		0.9238486312238533,
		1.3562888280233438,
		1.9424300877930798,
		2.713816359490867,
		3.6987703125538394,
		4.917859506649682,
		6.378766717846037,
		8.07121969755779,
		9.962847110248203,
		11.996915775911294,
		14.092810155034131,
		16.149810868972413,
		18.054236500963327,
		19.68940812350348,
		20.0,
		20.0,
		20.0,
		3.7166015680391973,
		4.549977332236839,
		5.4979889792571965,
		6.557373203102033,
		7.719467496535955,
		8.969664290777729,
		10.28718238460078,
		11.645230657648455,
		13.011613521880761,
		14.34979245982817,
		15.620376208807022,
		16.782967888076367,
		17.79825572798018,
		18.63020038062031,
		19.24815088085866,
		19.628716716337465,
		19.757236792031996,
		19.628716716337465,
		19.24815088085866,
		18.63020038062031,
		17.79825572798018,
		16.782967888076367,
		15.620376208807022,
		14.34979245982817,
		13.011613521880761,
		11.645230657648455,
		10.28718238460078,
		8.969664290777729,
		7.719467496535955,
		6.557373203102033
	],
	[
		0.0,
		0.0,
		0.6862826015985855,
		1.0327911462574286,
		1.5162257603767144,
		2.171486246874829,
		3.0338362951707407,
		4.134938453916275,
		5.497785660273409,
		7.130966662261207,
		9.02299788234077,
		11.137690677042896,
		13.411621749488766,
		15.754669176404608,
		18.054236500963327,
		20.0,
		20.0,
		20.0,
		20.0,
		20.0,
		4.098835326421953,
		5.0179195919649295,
		6.063429463693403,
		7.231766021017783,
		8.513375861448784,
		9.892149101304343,
		11.345167297443975,
		12.842883997674194,
		14.34979245982817,
		15.825596363884099,
		17.22685325412422,
		18.509011634019505,
		19.628716716337465,
		20.0,
		20.0,
		20.0,
		20.0,
		20.0,
		20.0,
		20.0,
		19.628716716337465,
		18.509011634019505,
		17.22685325412422,
		15.825596363884099,
		14.34979245982817,
		12.842883997674194,
		11.345167297443975,
		9.892149101304343,
		8.513375861448784,
		7.231766021017783
	],
	[
		0.0,
		0.0,
		0.7484391948789028,
		1.126331007346584,
		1.653550279007014,
		2.3681576868128444,
		3.308610751406032,
		4.509439697457267,
		5.995719931712003,
		7.776818084822732,
		9.840210512000088,
		12.146430965493133,
		14.626311902452928,
		17.181569059896788,
		19.68940812350348,
		20.0,
		20.0,
		20.0,
		20.0,
		20.0,
		4.46176138058417,
		5.462224769554208,
		6.600307955923573,
		7.872093357350055,
		9.267181677720165,
		10.76803660460999,
		12.349710411076664,
		13.98004049266512,
		15.620376208807022,
		17.22685325412422,
		18.752182617040727,
		20.0,
		20.0,
		20.0,
		20.0,
		20.0,
		20.0,
		20.0,
		20.0,
		20.0,
		20.0,
		20.0,
		18.752182617040727,
		17.22685325412422,
		15.620376208807022,
		13.98004049266512,
		12.349710411076664,
		10.76803660460999,
		9.267181677720165,
		7.872093357350055
	],
	[
		0.0,
		0.0,
		0.7962545083825889,
		1.1982885833176193,
		1.7591901566695145,
		2.5194514766035314,
		3.519986988009651,
		4.797532937810311,
		6.378766717846037,
		8.273653361931782,
		10.468869130887198,
		12.922426408462826,
		15.560738765454989,
		18.27924288123791,
		20.0,
		20.0,
		20.0,
		20.0,
		20.0,
		20.0,
		4.7938408764050084,
		5.868766646810801,
		7.091554966084926,
		8.457996674488252,
		9.956918478215421,
		11.569478874068835,
		13.268873328369823,
		15.020545441800547,
		16.782967888076367,
		18.509011634019505,
		20.0,
		20.0,
		20.0,
		20.0,
		20.0,
		20.0,
		20.0,
		20.0,
		20.0,
		20.0,
		20.0,
		20.0,
		20.0,
		18.509011634019505,
		16.782967888076367,
		15.020545441800547,
		13.268873328369823,
		11.569478874068835,
		9.956918478215421,
		8.457996674488252
	],
	[
		0.0,
		0.0,
		0.8263977634849407,
		1.2436513637765316,
		1.8257865992739646,
		2.614828605119289,
		3.6532406959880954,
		4.979149817443558,
		6.620243268861104,
		8.586863323434834,
		10.865181854423884,
		13.411621749488766,
		16.149810868972413,
		18.971227511084752,
		20.0,
		20.0,
		20.0,
		20.0,
		20.0,
		20.0,
		5.083844907915179,
		6.223798453549427,
		7.520559512306505,
		8.969664290777729,
		10.559263565285978,
		12.26937601343067,
		14.071575557758527,
		15.929215305050263,
		17.79825572798018,
		19.628716716337465,
		20.0,
		20.0,
		20.0,
		20.0,
		20.0,
		20.0,
		20.0,
		20.0,
		20.0,
		20.0,
		20.0,
		20.0,
		20.0,
		19.628716716337465,
		17.79825572798018,
		15.929215305050263,
		14.071575557758527,
		12.26937601343067,
		10.559263565285978,
		8.969664290777729
	],
	[
		0.0,
		0.0,
		0.8366969954363354,
		1.2591507448593033,
		1.8485410167113652,
		2.6474166970856783,
		3.6987703125538394,
		5.041203977264056,
		6.702750051930226,
		8.69387970345265,
		11.00059246788065,
		13.578768139938639,
		16.351082769091413,
		19.207662169033703,
		20.0,
		20.0,
		20.0,
		20.0,
		20.0,
		20.0,
		5.321479294713132,
		6.514717739218547,
		7.872093357350055,
		9.38893370440675,
		11.052835687926466,
		12.842883997674194,
		14.729323834804282,
		16.673795318751065,
		18.63020038062031,
		20.0,
		20.0,
		20.0,
		20.0,
		20.0,
		20.0,
		20.0,
		20.0,
		20.0,
		20.0,
		20.0,
		20.0,
		20.0,
		20.0,
		20.0,
		18.63020038062031,
		16.673795318751065,
		14.729323834804282,
		12.842883997674194,
		11.052835687926466,
		9.38893370440675
	],
	[
		0.0,
		0.0,
		0.8263977634849407,
		1.2436513637765316,
		1.8257865992739646,
		2.614828605119289,
		3.6532406959880954,
		4.979149817443558,
		6.620243268861104,
		8.586863323434834,
		10.865181854423884,
		13.411621749488766,
		16.149810868972413,
		18.971227511084752,
		20.0,
		20.0,
		20.0,
		20.0,
		20.0,
		20.0,
		5.4979889792571965,
		6.730806294554188,
		8.133205096822149,
		9.700357959691633,
		11.419450388942312,
		13.268873328369823,
		15.217885033606958,
		17.22685325412422,
		19.24815088085866,
		20.0,
		20.0,
		20.0,
		20.0,
		20.0,
		20.0,
		20.0,
		20.0,
		20.0,
		20.0,
		20.0,
		20.0,
		20.0,
		20.0,
		20.0,
		19.24815088085866,
		17.22685325412422,
		15.217885033606958,
		13.268873328369823,
		11.419450388942312,
		9.700357959691633
	],
	[
		0.0,
		0.0,
		0.7962545083825889,
		1.1982885833176193,
		1.7591901566695145,
		2.5194514766035314,
		3.519986988009651,
		4.797532937810311,
		6.378766717846037,
		8.273653361931782,
		10.468869130887198,
		12.922426408462826,
		15.560738765454989,
		18.27924288123791,
		20.0,
		20.0,
		20.0,
		20.0,
		20.0,
		20.0,
		5.606692759807101,
		6.863884788004712,
		8.294011192532395,
		9.892149101304343,
		11.645230657648455,
		13.531219560760134,
		15.518766254243811,
		17.567454896427755,
		19.628716716337465,
		20.0,
		20.0,
		20.0,
		20.0,
		20.0,
		20.0,
		20.0,
		20.0,
		20.0,
		20.0,
		20.0,
		20.0,
		20.0,
		20.0,
		20.0,
		19.628716716337465,
		17.567454896427755,
		15.518766254243811,
		13.531219560760134,
		11.645230657648455,
		9.892149101304343
	],
	[
		0.0,
		0.0,
		0.7484391948789028,
		1.126331007346584,
		1.653550279007014,
		2.3681576868128444,
		3.308610751406032,
		4.509439697457267,
		5.995719931712003,
		7.776818084822732,
		9.840210512000088,
		12.146430965493133,
		14.626311902452928,
		17.181569059896788,
		19.68940812350348,
		20.0,
		20.0,
		20.0,
		20.0,
		20.0,
		5.643402881426343,
		6.908826441871399,
		8.34831667575272,
		9.956918478215421,
		11.72147843009481,
		13.619815946724621,
		15.620376208807022,
		17.6824787497788,
		19.757236792031996,
		20.0,
		20.0,
		20.0,
		20.0,
		20.0,
		20.0,
		20.0,
		20.0,
		20.0,
		20.0,
		20.0,
		20.0,
		20.0,
		20.0,
		20.0,
		19.757236792031996,
		17.6824787497788,
		15.620376208807022,
		13.619815946724621,
		11.72147843009481,
		9.956918478215421
	],
	[
		0.0,
		0.0,
		0.6862826015985855,
		1.0327911462574286,
		1.5162257603767144,
		2.171486246874829,
		3.0338362951707407,
		4.134938453916275,
		5.497785660273409,
		7.130966662261207,
		9.02299788234077,
		11.137690677042896,
		13.411621749488766,
		15.754669176404608,
		18.054236500963327,
		20.0,
		20.0,
		20.0,
		20.0,
		20.0,
		5.606692759807101,
		6.863884788004712,
		8.294011192532395,
		9.892149101304343,
		11.645230657648455,
		13.531219560760134,
		15.518766254243811,
		17.567454896427755,
		19.628716716337465,
		20.0,
		20.0,
		20.0,
		20.0,
		20.0,
		20.0,
		20.0,
		20.0,
		20.0,
		20.0,
		20.0,
		20.0,
		20.0,
		20.0,
		20.0,
		19.628716716337465,
		17.567454896427755,
		15.518766254243811,
		13.531219560760134,
		11.645230657648455,
		9.892149101304343
	],
	[
		0.0,
		0.0,
		0.6138910508839367,
		0.9238486312238533,
		1.3562888280233438,
		1.9424300877930798,
		2.713816359490867,
		3.6987703125538394,
		4.917859506649682,
		6.378766717846037,
		8.07121969755779,
		9.962847110248203,
		11.996915775911294,
		14.092810155034131,
		16.149810868972413,
		18.054236500963327,
		19.68940812350348,
		20.0,
		20.0,
		20.0,
		5.4979889792571965,
		6.730806294554188,
		8.133205096822149,
		9.700357959691633,
		11.419450388942312,
		13.268873328369823,
		15.217885033606958,
		17.22685325412422,
		19.24815088085866,
		20.0,
		20.0,
		20.0,
		20.0,
		20.0,
		20.0,
		20.0,
		20.0,
		20.0,
		20.0,
		20.0,
		20.0,
		20.0,
		20.0,
		20.0,
		19.24815088085866,
		17.22685325412422,
		15.217885033606958,
		13.268873328369823,
		11.419450388942312,
		9.700357959691633
	],
	[
		0.0,
		0.0,
		0.5356997742062224,
		0.8061780709048216,
		1.1835383784864664,
		1.6950228512760246,
		2.3681576868128444,
		3.2276580973492344,
		4.291471953364964,
		5.566303476071249,
		7.043188792742277,
		8.69387970345265,
		10.468869130887198,
		12.297809533324285,
		14.092810155034131,
		15.754669176404608,
		17.181569059896788,
		18.27924288123791,
		18.971227511084752,
		19.207662169033703,
		5.321479294713132,
		6.514717739218547,
		7.872093357350055,
		9.38893370440675,
		11.052835687926466,
		12.842883997674194,
		14.729323834804282,
		16.673795318751065,
		18.63020038062031,
		20.0,
		20.0,
		20.0,
		20.0,
		20.0,
		20.0,
		20.0,
		20.0,
		20.0,
		20.0,
		20.0,
		20.0,
		20.0,
		20.0,
		20.0,
		18.63020038062031,
		16.673795318751065,
		14.729323834804282,
		12.842883997674194,
		11.052835687926466,
		9.38893370440675
	],
	[
		0.0,
		0.0,
		0.4560300608343208,
		0.6862826015985855,
		1.0075215722102642,
		1.4429376512774177,
		2.0159633174808635,
		2.747638116270579,
		3.6532406959880954,
		4.738478220522606,
		5.995719931712003,
		7.40091872528127,
		8.911930257389267,
		10.468869130887198,
		11.996915775911294,
		13.411621749488766,
		14.626311902452928,
		15.560738765454989,
		16.149810868972413,
		16.351082769091413,
		5.083844907915179,
		6.223798453549427,
		7.520559512306505,
		8.969664290777729,
		10.559263565285978,
		12.26937601343067,
		14.071575557758527,
		15.929215305050263,
		17.79825572798018,
		19.628716716337465,
		20.0,
		20.0,
		20.0,
		20.0,
		20.0,
		20.0,
		20.0,
		20.0,
		20.0,
		20.0,
		20.0,
		20.0,
		20.0,
		19.628716716337465,
		17.79825572798018,
		15.929215305050263,
		14.071575557758527,
		12.26937601343067,
		10.559263565285978,
		8.969664290777729
	],
	[
		0.0,
		0.0,
		0.37871048348044306,
		0.5699238672558504,
		0.8366969954363354,
		1.1982885833176193,
		1.6741581492352313,
		2.2817779984468363,
		3.0338362951707407,
		3.935072557656734,
		4.979149817443558,
		6.146098139940421,
		7.40091872528127,
		8.69387970345265,
		9.962847110248203,
		11.137690677042896,
		12.146430965493133,
		12.922426408462826,
		13.411621749488766,
		13.578768139938639,
		4.7938408764050084,
		5.868766646810801,
		7.091554966084926,
		8.457996674488252,
		9.956918478215421,
		11.569478874068835,
		13.268873328369823,
		15.020545441800547,
		16.782967888076367,
		18.509011634019505,
		20.0,
		20.0,
		20.0,
		20.0,
		20.0,
		20.0,
		20.0,
		20.0,
		20.0,
		20.0,
		20.0,
		20.0,
		20.0,
		18.509011634019505,
		16.782967888076367,
		15.020545441800547,
		13.268873328369823,
		11.569478874068835,
		9.956918478215421,
		8.457996674488252
	],
	[
		0.0,
		0.0,
		0.3068054221965108,
		0.4617134733275187,
		0.6778348795001161,
		0.9707717392434059,
		1.3562888280233438,
		1.8485410167113652,
		2.457807391178343,
		3.187927586082057,
		4.033767821479751,
		4.979149817443558,
		5.995719931712003,
		7.043188792742277,
		8.07121969755779,
		9.02299788234077,
		9.840210512000088,
		10.468869130887198,
		10.865181854423884,
		11.00059246788065,
		4.46176138058417,
		5.462224769554208,
		6.600307955923573,
		7.872093357350055,
		9.267181677720165,
		10.76803660460999,
		12.349710411076664,
		13.98004049266512,
		15.620376208807022,
		17.22685325412422,
		18.752182617040727,
		20.0,
		20.0,
		20.0,
		20.0,
		20.0,
		20.0,
		20.0,
		20.0,
		20.0,
		20.0,
		20.0,
		18.752182617040727,
		17.22685325412422,
		15.620376208807022,
		13.98004049266512,
		12.349710411076664,
		10.76803660460999,
		9.267181677720165,
		7.872093357350055
	],
	[
		0.0,
		0.0,
		0.24247143421879228,
		0.36489683681065294,
		0.5356997742062224,
		0.7672107429791609,
		1.0718888049348345,
		1.4609206979633587,
		1.9424300877930798,
		2.5194514766035314,
		3.187927586082057,
		3.935072557656734,
		4.738478220522606,
		5.566303476071249,
		6.378766717846037,
		7.130966662261207,
		7.776818084822732,
		8.273653361931782,
		8.586863323434834,
		8.69387970345265,
		4.098835326421953,
		5.0179195919649295,
		6.063429463693403,
		7.231766021017783,
		8.513375861448784,
		9.892149101304343,
		11.345167297443975,
		12.842883997674194,
		14.34979245982817,
		15.825596363884099,
		17.22685325412422,
		18.509011634019505,
		19.628716716337465,
		20.0,
		20.0,
		20.0,
		20.0,
		20.0,
		20.0,
		20.0,
		19.628716716337465,
		18.509011634019505,
		17.22685325412422,
		15.825596363884099,
		14.34979245982817,
		12.842883997674194,
		11.345167297443975,
		9.892149101304343,
		8.513375861448784,
		7.231766021017783
	],
	[
		0.0,
		0.0,
		0.18693902765369208,
		0.28132575734978926,
		0.41301027985857514,
		0.5914990801290658,
		0.8263977634849407,
		1.126331007346584,
		1.4975619419550217,
		1.9424300877930798,
		2.457807391178343,
		3.0338362951707407,
		3.6532406959880954,
		4.291471953364964,
		4.917859506649682,
		5.497785660273409,
		5.995719931712003,
		6.378766717846037,
		6.620243268861104,
		6.702750051930226,
		3.7166015680391973,
		4.549977332236839,
		5.4979889792571965,
		6.557373203102033,
		7.719467496535955,
		8.969664290777729,
		10.28718238460078,
		11.645230657648455,
		13.011613521880761,
		14.34979245982817,
		15.620376208807022,
		16.782967888076367,
		17.79825572798018,
		18.63020038062031,
		19.24815088085866,
		19.628716716337465,
		19.757236792031996,
		19.628716716337465,
		19.24815088085866,
		18.63020038062031,
		17.79825572798018,
		16.782967888076367,
		15.620376208807022,
		14.34979245982817,
		13.011613521880761,
		11.645230657648455,
		10.28718238460078,
		8.969664290777729,
		7.719467496535955,
		6.557373203102033
	],
	[
		0.0,
		0.0,
		0.14059867403861798,
		0.21158785809865718,
		0.3106290775193691,
		0.4448722527607861,
		0.6215418536877543,
		0.847124584679431,
		1.126331007346584,
		1.4609206979633587,
		1.8485410167113652,
		2.2817779984468363,
		2.747638116270579,
		3.2276580973492344,
		3.6987703125538394,
		4.134938453916275,
		4.509439697457267,
		4.797532937810311,
		4.979149817443558,
		5.041203977264056,
		3.3263117175753907,
		4.072172558143364,
		4.920631073847381,
		5.868766646810801,
		6.908826441871399,
		8.027736868461885,
		9.206899012526016,
		10.42233515787929,
		11.645230657648455,
		12.842883997674194,
		13.98004049266512,
		15.020545441800547,
		15.929215305050263,
		16.673795318751065,
		17.22685325412422,
		17.567454896427755,
		17.6824787497788,
		17.567454896427755,
		17.22685325412422,
		16.673795318751065,
		15.929215305050263,
		15.020545441800547,
		13.98004049266512,
		12.842883997674194,
		11.645230657648455,
		10.42233515787929,
		9.206899012526016,
		8.027736868461885,
		6.908826441871399,
		5.868766646810801
	],
	[
		0.0,
		0.0,
		0.10315833357743036,
		0.1552436464705215,
		0.2279109544716696,
		0.32640620947132826,
		0.4560300608343208,
		0.6215418536877543,
		0.8263977634849407,
		1.0718888049348345,
		1.3562888280233438,
		1.6741581492352313,
		2.0159633174808635,
		2.3681576868128444,
		2.713816359490867,
		3.0338362951707407,
		3.308610751406032,
		3.519986988009651,
		3.6532406959880954,
		3.6987703125538394,
		2.938402536858168,
		3.5972822727794975,
		4.346794906183824,
		5.184360417004906,
		6.103130093383256,
		7.091554966084926,
		8.133205096822149,
		9.206899012526016,
		10.28718238460078,
		11.345167297443975,
		12.349710411076664,
		13.268873328369823,
		14.071575557758527,
		14.729323834804282,
		15.217885033606958,
		15.518766254243811,
		15.620376208807022,
		15.518766254243811,
		15.217885033606958,
		14.729323834804282,
		14.071575557758527,
		13.268873328369823,
		12.349710411076664,
		11.345167297443975,
		10.28718238460078,
		9.206899012526016,
		8.133205096822149,
		7.091554966084926,
		6.103130093383256,
		5.184360417004906
	],
	[
		0.0,
		0.0,
		0.07383618653731909,
		0.11111655686961296,
		0.16312861176298013,
		0.23362717226693475,
		0.32640620947132826,
		0.4448722527607861,
		0.5914990801290658,
		0.7672107429791609,
		0.9707717392434059,
		1.1982885833176193,
		1.4429376512774177,
		1.6950228512760246,
		1.9424300877930798,
		2.171486246874829,
		2.3681576868128444,
