[
	[
		0.0,
		0.0,
		0.0,
		0.0,
		0.0,
		0.0,
		0.0,
		0.7335223689627753,
		0.918326757429295,
		1.1331447238185544,
		1.3780906601234642,
		1.6518646668309729,
		1.9515307745520065,
		2.272378181922819,
		2.607894889842083,
		2.9498764174468213,
		3.2886815860394196,
		3.613633447187225,
		3.9135477227470328,
		4.177355508132491,
		4.394773587169685,
		4.55696654905459,
		4.657141586231664,
		4.691020258843832,
		4.657141586231664,
		4.55696654905459,
		4.394773587169685,
		4.177355508132491,
		3.9135477227470328,
		3.613633447187225,
		3.2886815860394196,
		2.9498764174468213,
		2.607894889842083,
		2.272378181922819,
		1.9515307745520065,
		18.38890030149318,
		20.0,
		20.0,
		20.0,
		20.0,
		20.0,
		20.0,
		20.0,
		20.0,
		20.0,
		20.0,
		20.0,
		20.0,
		20.0,
		20.0
	],
	[
		0.0,
		0.0,
		0.0,
		0.0,
		0.0,
		0.0,
		0.0,
		0.918326757429295,
		1.1496909557142634,
		1.4186303839565875,
		1.7252882541868348,
		2.0680371688568004,
		2.4432014673962494,
		2.844883504246835,
		3.2649306404814573,
		3.6930713497962304,
		4.117235444906077,
		4.5240560158866785,
		4.899531005928286,
		5.229802799111904,
		5.501997415086684,
		5.705053440462205,
		5.830466680683171,
		5.872880781305534,
		5.830466680683171,
		5.705053440462205,
		5.501997415086684,
		5.229802799111904,
		4.899531005928286,
		4.5240560158866785,
		4.117235444906077,
		3.6930713497962304,
		3.2649306404814573,
		2.844883504246835,
		2.4432014673962494,
		19.0158191678882,
		20.0,
		20.0,
		20.0,
		20.0,
		20.0,
		20.0,
		20.0,
		20.0,
		20.0,
		20.0,
		20.0,
		20.0,
		20.0,
		20.0
	],
	[
		0.0,
		0.0,
		0.0,
		0.0,
		0.0,
		0.0,
		0.0,
		1.1331447238185544,
		1.4186303839565875,
		1.750480993420106,
		2.1288732648612374,
		2.551799114631775,
		3.0147230597481154,
		3.51036785832078,
		4.028673779746578,
		4.55696654905459,
		5.080352481696328,
		5.582337836928681,
		6.04564515150862,
		6.4531751911643855,
		6.789042452407055,
		7.039598000236178,
		7.194348311390342,
		7.246684055663196,
		7.194348311390342,
		7.039598000236178,
		6.789042452407055,
		6.4531751911643855,
		6.04564515150862,
		5.582337836928681,
		5.080352481696328,
		4.55696654905459,
		4.028673779746578,
		3.51036785832078,
		3.0147230597481154,
		19.40218347516685,
		20.0,
		20.0,
		20.0,
		20.0,
		20.0,
		20.0,
		20.0,
		20.0,
		20.0,
		20.0,
		20.0,
		20.0,
		20.0,
		20.0
	],
	[
		0.0,
		0.0,
		0.0,
		0.0,
		0.0,
		0.0,
		0.0,
		1.3780906601234642,
		1.7252882541868348,
		2.1288732648612374,
		2.5890606038435644,
		3.1034081106028886,
		3.666399890648886,
		4.2691856189802095,
		4.899531005928286,
		5.542022045149422,
		6.178545562624743,
		6.789042452407055,
		7.352500472877648,
		7.848124138208577,
		8.256594059155661,
		8.561310882212343,
		8.749512754373997,
		8.813161641278738,
		8.749512754373997,
		8.561310882212343,
		8.256594059155661,
		7.848124138208577,
		7.352500472877648,
		6.789042452407055,
		6.178545562624743,
		5.542022045149422,
		4.899531005928286,
		4.2691856189802095,
		3.666399890648886,
		19.532708248824264,
		20.0,
		20.0,
		20.0,
		20.0,
		20.0,
		20.0,
		20.0,
		20.0,
		20.0,
		20.0,
		20.0,
		20.0,
		20.0,
		20.0
	],
	[
		0.0,
		0.0,
		0.0,
		0.0,
		0.0,
		0.0,
		0.0,
		1.6518646668309729,
		2.0680371688568004,
		2.551799114631775,
		3.1034081106028886,
		3.7199368321691564,
		4.394773587169685,
		5.117309828879125,
		5.872880781305534,
		6.643010263461538,
		7.4059867051059864,
		8.137766021679585,
		8.813161641278738,
		9.407246808891784,
		9.896864110133254,
		10.262116533621288,
		10.487706933332309,
		10.564000424321966,
		10.487706933332309,
		10.262116533621288,
		9.896864110133254,
		9.407246808891784,
		8.813161641278738,
		8.137766021679585,
		7.4059867051059864,
		6.643010263461538,
		5.872880781305534,
		5.117309828879125,
		4.394773587169685,
		19.40218347516685,
		20.0,
		20.0,
		20.0,
		20.0,
		20.0,
		20.0,
		20.0,
		20.0,
		20.0,
		20.0,
		20.0,
		20.0,
		20.0,
		20.0
	],
	[
		0.0,
		0.0,
		0.0,
		0.0,
		0.0,
		0.0,
		0.0,
		1.9515307745520065,
		2.4432014673962494,
		3.0147230597481154,
		3.666399890648886,
		4.394773587169685,
		5.192033024717244,
		6.04564515150862,
		6.938284842656267,
		7.848124138208577,
		8.749512754373997,
		9.614044749730331,
		10.411964435956202,
		11.113823075215043,
		11.692262247813197,
		12.123775409411401,
		12.39029034633062,
		12.480424301341573,
		12.39029034633062,
		12.123775409411401,
		11.692262247813197,
		11.113823075215043,
		10.411964435956202,
		9.614044749730331,
		8.749512754373997,
		7.848124138208577,
		6.938284842656267,
		6.04564515150862,
		5.192033024717244,
		19.0158191678882,
		20.0,
		20.0,
		20.0,
		20.0,
		20.0,
		20.0,
		20.0,
		20.0,
		20.0,
		20.0,
		20.0,
		20.0,
		20.0,
		20.0
	],
	[
		0.0,
		0.0,
		0.0,
		0.0,
		0.0,
		0.0,
		0.0,
		2.272378181922819,
		2.844883504246835,
		3.51036785832078,
		4.2691856189802095,
		5.117309828879125,
		6.04564515150862,
		7.039598000236178,
		8.07899485983624,
		9.138419077598684,
		10.188003256089596,
		11.194671287892946,
		12.123775409411401,
		12.941025272669103,
		13.614564513003796,
		14.11702192049889,
		14.427354063711336,
		14.532306768269287,
		14.427354063711336,
		14.11702192049889,
		13.614564513003796,
		12.941025272669103,
		12.123775409411401,
		11.194671287892946,
		10.188003256089596,
		9.138419077598684,
		8.07899485983624,
		7.039598000236178,
		6.04564515150862,
		18.38890030149318,
		20.0,
		20.0,
		20.0,
		20.0,
		20.0,
		20.0,
		20.0,
		20.0,
		20.0,
		20.0,
		20.0,
		20.0,
		20.0,
		20.0
	],
	[
		0.0,
		0.0,
		0.0,
		0.0,
		0.0,
		0.0,
		0.0,
		2.607894889842083,
		3.2649306404814573,
		4.028673779746578,
		4.899531005928286,
		5.872880781305534,
		6.938284842656267,
		8.07899485983624,
		9.271858697481106,
		10.487706933332309,
		11.692262247813197,
		12.847564845238203,
		13.913851218657312,
		14.851768049169413,
		15.624755378897536,
		16.20140063794547,
		16.557553331575303,
		16.678002306164643,
		16.557553331575303,
		16.20140063794547,
		15.624755378897536,
		14.851768049169413,
		13.913851218657312,
		12.847564845238203,
		11.692262247813197,
		10.487706933332309,
		9.271858697481106,
		8.07899485983624,
		6.938284842656267,
		17.54578346597464,
		19.40218347516685,
		20.0,
		20.0,
		20.0,
		20.0,
		20.0,
		20.0,
		20.0,
		20.0,
		20.0,
		20.0,
		20.0,
		20.0,
		20.0
	],
	[
		0.0,
		0.0,
		0.0,
		0.0,
		0.0,
		0.0,
		0.0,
		2.9498764174468213,
		3.6930713497962304,
		4.55696654905459,
		5.542022045149422,
		6.643010263461538,
		7.848124138208577,
		9.138419077598684,
		10.487706933332309,
		11.862993204301981,
		13.225505677307583,
		14.532306768269287,
		15.7384186554644,
		16.799327494478863,
		17.673679104212738,
		18.325941684857245,
		18.728797810708404,
		18.865041641328528,
		18.728797810708404,
		18.325941684857245,
		17.673679104212738,
		16.799327494478863,
		15.7384186554644,
		14.532306768269287,
		13.225505677307583,
		11.862993204301981,
		10.487706933332309,
		9.138419077598684,
		7.848124138208577,
		16.51832704186406,
		18.266018875165337,
		19.929574732734515,
		20.0,
		20.0,
		20.0,
		20.0,
		20.0,
		20.0,
		20.0,
		20.0,
		20.0,
		20.0,
		20.0,
		19.929574732734515
	],
	[
		0.0,
		0.0,
		0.0,
		0.0,
		0.0,
		0.0,
		0.0,
		3.2886815860394196,
		4.117235444906077,
		5.080352481696328,
		6.178545562624743,
		7.4059867051059864,
		8.749512754373997,
		10.188003256089596,
		11.692262247813197,
		13.225505677307583,
		14.744508186775708,
		16.20140063794547,
		17.546039325404426,
		18.728797810708404,
		19.703572218764624,
		20.0,
		20.0,
		20.0,
		20.0,
		20.0,
		19.703572218764624,
		18.728797810708404,
		17.546039325404426,
		16.20140063794547,
		14.744508186775708,
		13.225505677307583,
		11.692262247813197,
		10.188003256089596,
		8.749512754373997,
		15.343895888453345,
		16.967329149419268,
		18.512608390983893,
		19.929574732734515,
		20.0,
		20.0,
		20.0,
		20.0,
		20.0,
		20.0,
		20.0,
		20.0,
		20.0,
		19.929574732734515,
		18.512608390983893
	],
	[
		0.0,
		0.0,
		0.0,
		0.0,
		0.0,
		0.0,
		0.0,
		3.613633447187225,
		4.5240560158866785,
		5.582337836928681,
		6.789042452407055,
		8.137766021679585,
		9.614044749730331,
		11.194671287892946,
		12.847564845238203,
		14.532306768269287,
		16.20140063794547,
		17.802247406708485,
		19.2797487117939,
		20.0,
		20.0,
		20.0,
		20.0,
		20.0,
		20.0,
		20.0,
		20.0,
		20.0,
		19.2797487117939,
		17.802247406708485,
		16.20140063794547,
		14.532306768269287,
		12.847564845238203,
		11.194671287892946,
		9.614044749730331,
		14.063114525806284,
		15.551037022148783,
		16.967329149419268,
		18.266018875165337,
		19.40218347516685,
		20.0,
		20.0,
		20.0,
		20.0,
		20.0,
		20.0,
		20.0,
		19.40218347516685,
		18.266018875165337,
		16.967329149419268
	],
	[
		0.0,
		0.0,
		0.0,
		0.0,
		0.0,
		0.0,
		0.0,
		3.9135477227470328,
		4.899531005928286,
		6.04564515150862,
		7.352500472877648,
		8.813161641278738,
		10.411964435956202,
		12.123775409411401,
		13.913851218657312,
		15.7384186554644,
		17.546039325404426,
		19.2797487117939,
		20.0,
		20.0,
		20.0,
		20.0,
		20.0,
		20.0,
		20.0,
		20.0,
		20.0,
		20.0,
		20.0,
		19.2797487117939,
		17.546039325404426,
		15.7384186554644,
		13.913851218657312,
		12.123775409411401,
		10.411964435956202,
		12.717556384456246,
		14.063114525806284,
		15.343895888453345,
		16.51832704186406,
		17.54578346597464,
		18.38890030149318,
		19.0158191678882,
		19.40218347516685,
		19.532708248824264,
		19.40218347516685,
		19.0158191678882,
		18.38890030149318,
		17.54578346597464,
		16.51832704186406,
		15.343895888453345
	],
	[
		0.0,
		0.0,
		0.0,
		0.0,
		0.0,
		0.0,
		0.0,
		4.177355508132491,
		5.229802799111904,
		6.4531751911643855,
		7.848124138208577,
		9.407246808891784,
		11.113823075215043,
		12.941025272669103,
		14.851768049169413,
		16.799327494478863,
		18.728797810708404,
		20.0,
		20.0,
		20.0,
		20.0,
		20.0,
		20.0,
		20.0,
		20.0,
		20.0,
		20.0,
		20.0,
		20.0,
		20.0,
		18.728797810708404,
		16.799327494478863,
		14.851768049169413,
		12.941025272669103,
		11.113823075215043,
		11.347550334079628,
		12.548157453467919,
		13.690965909764772,
		14.738880794068162,
		15.655653886021451,
		16.407945477215023,
		16.967329149419268,
		17.31207214025789,
		17.4285360578649,
		17.31207214025789,
		16.967329149419268,
		16.407945477215023,
		15.655653886021451,
		14.738880794068162,
		13.690965909764772
	],
	[
		0.0,
		0.0,
		0.0,
		0.0,
		0.0,
		0.0,
		0.0,
		4.394773587169685,
		5.501997415086684,
		6.789042452407055,
		8.256594059155661,
		9.896864110133254,
		11.692262247813197,
		13.614564513003796,
		15.624755378897536,
		17.673679104212738,
		19.703572218764624,
		20.0,
		20.0,
		20.0,
		20.0,
		20.0,
		20.0,
		20.0,
		20.0,
		20.0,
		20.0,
		20.0,
		20.0,
		20.0,
		19.703572218764624,
		17.673679104212738,
		15.624755378897536,
		13.614564513003796,
		11.692262247813197,
		9.990261392983113,
		11.047263001245936,
		12.053379287527477,
		12.9759522925881,
		13.783069472686472,
		14.445378906749589,
		14.937854281589194,
		15.241362306711865,
		15.343895888453345,
		15.241362306711865,
		14.937854281589194,
		14.445378906749589,
		13.783069472686472,
		12.9759522925881,
		12.053379287527477
	],
	[
		0.0,
		0.0,
		0.0,
		0.0,
		0.0,
		0.0,
		0.0,
		4.55696654905459,
		5.705053440462205,
		7.039598000236178,
		8.561310882212343,
		10.262116533621288,
		12.123775409411401,
		14.11702192049889,
		16.20140063794547,
		18.325941684857245,
		20.0,
		20.0,
		20.0,
		20.0,
		20.0,
		20.0,
		20.0,
		20.0,
		20.0,
		20.0,
		20.0,
		20.0,
		20.0,
		20.0,
		20.0,
		18.325941684857245,
		16.20140063794547,
		14.11702192049889,
		12.123775409411401,
		8.678164399126961,
		9.596341948824424,
		10.470317332804155,
		11.271721809941866,
		11.972834153526094,
		12.548157453467919,
		12.9759522925881,
		13.239598300921665,
		13.328665367716217,
		13.239598300921665,
		12.9759522925881,
		12.548157453467919,
		11.972834153526094,
		11.271721809941866,
		10.470317332804155
	],
	[
		0.0,
		0.0,
		0.0,
		0.0,
		0.0,
		0.0,
		0.0,
		4.657141586231664,
		5.830466680683171,
		7.194348311390342,
		8.749512754373997,
		10.487706933332309,
		12.39029034633062,
		14.427354063711336,
		16.557553331575303,
		18.728797810708404,
		20.0,
		20.0,
		20.0,
		20.0,
		20.0,
		20.0,
		20.0,
		20.0,
		20.0,
		20.0,
		20.0,
		20.0,
		20.0,
		20.0,
		20.0,
		18.728797810708404,
		16.557553331575303,
		14.427354063711336,
		12.39029034633062,
		10.487706933332309,
		8.749512754373997,
		7.194348311390342,
		5.830466680683171,
		0.0,
		0.0,
		0.0,
		0.0,
		0.0,
		0.0,
		0.0,
		0.0,
		0.0,
		0.0,
		0.0
	],
	[
		2.1146555128633175,
		2.2610015630540956,
		2.388241471770576,
		2.4921360523573806,
		2.5691023098427865,
		2.616418375611372,
		2.632383263590032,
		2.616418375611372,
		2.5691023098427865,
		2.4921360523573806,
		2.388241471770576,
		2.2610015630540956,
		2.1146555128633175,
		1.9538649154069352,
		1.7834690601123713,
		1.6082470514801464,
		1.4327027268986419,
		1.2608852097867298,
		20.0,
		20.0,
		20.0,
		20.0,
		20.0,
		20.0,
		20.0,
		20.0,
		20.0,
		20.0,
		20.0,
		20.0,
		20.0,
		18.865041641328528,
		16.678002306164643,
		14.532306768269287,
		12.480424301341573,
		10.564000424321966,
		8.813161641278738,
		7.246684055663196,
		5.872880781305534,
		0.0,
		0.0,
		0.0,
		0.0,
		0.0,
		0.0,
		0.0,
		0.0,
		0.0,
		0.0,
		0.0
	],
	[
		2.680864797062231,
		2.8663957129769115,
		3.0277047252412994,
		3.159417584383814,
		3.2569919311268762,
		3.3169771033134925,
		3.337216667587996,
		3.3169771033134925,
		3.2569919311268762,
		3.159417584383814,
		3.0277047252412994,
		2.8663957129769115,
		2.680864797062231,
		2.477021736196137,
		2.2610015630540956,
		2.038863010578183,
		1.8163158404921207,
		1.598493348676294,
		20.0,
		20.0,
		20.0,
		20.0,
		20.0,
		20.0,
		20.0,
		20.0,
		20.0,
		20.0,
		20.0,
		20.0,
		20.0,
		18.728797810708404,
		16.557553331575303,
		14.427354063711336,
		12.39029034633062,
		10.487706933332309,
		8.749512754373997,
		7.194348311390342,
		5.830466680683171,
		0.0,
		0.0,
		0.0,
		0.0,
		0.0,
		0.0,
		0.0,
		0.0,
		0.0,
		0.0,
		0.0
	],
	[
		3.357579729839504,
		3.589943123628073,
		3.791970421092999,
		3.9569307825781173,
		4.079135247770039,
		4.1542621241591124,
		4.179610642601118,
		4.1542621241591124,
		4.079135247770039,
		3.9569307825781173,
		3.791970421092999,
		3.589943123628073,
		3.357579729839504,
		3.1022817640553106,
		2.8317328891650333,
		2.553521208431885,
		2.2747977651486098,
		2.0019916228823553,
		20.0,
		20.0,
		20.0,
		20.0,
		20.0,
		20.0,
		20.0,
		20.0,
		20.0,
		20.0,
		20.0,
		20.0,
		20.0,
		18.325941684857245,
		16.20140063794547,
		14.11702192049889,
		12.123775409411401,
		10.262116533621288,
		8.561310882212343,
		7.039598000236178,
		5.705053440462205,
		0.0,
		0.0,
		0.0,
		0.0,
		0.0,
		0.0,
		0.0,
		0.0,
		0.0,
		0.0,
		0.0
	],
	[
		4.1542621241591124,
		4.44176041862346,
		4.691724505089067,
		4.895826458533365,
		5.047027449127321,
		5.139980338470748,
		5.171343522234135,
		5.139980338470748,
		5.047027449127321,
		4.895826458533365,
		4.691724505089067,
		4.44176041862346,
		4.1542621241591124,
		3.8383873706256075,
		3.5036429910053917,
		3.159417584383814,
		2.8145589848227943,
		2.477021736196137,
		20.0,
		20.0,
		20.0,
		20.0,
		20.0,
		20.0,
		20.0,
		20.0,
		20.0,
		20.0,
		20.0,
		20.0,
		19.703572218764624,
		17.673679104212738,
		15.624755378897536,
		13.614564513003796,
		11.692262247813197,
		9.896864110133254,
		8.256594059155661,
		6.789042452407055,
		5.501997415086684,
		0.0,
		0.0,
		0.0,
		0.0,
		0.0,
		0.0,
		0.0,
		0.0,
		0.0,
		0.0,
		0.0
	],
	[
		5.077823452014937,
		5.429237382675575,
		5.7347726287629825,
		5.984249829485194,
		6.169065306472286,
		6.282683163827915,
		6.3210189031924156,
		6.282683163827915,
		6.169065306472286,
		5.984249829485194,
		5.7347726287629825,
		5.429237382675575,
		5.077823452014937,
		4.691724505089067,
		4.2825609014299,
		3.861808481317213,
		3.4402820989793534,
		3.0277047252412994,
		20.0,
		20.0,
		20.0,
		20.0,
		20.0,
		20.0,
		20.0,
		20.0,
		20.0,
		20.0,
		20.0,
		20.0,
		18.728797810708404,
		16.799327494478863,
		14.851768049169413,
		12.941025272669103,
		11.113823075215043,
		9.407246808891784,
		7.848124138208577,
		6.4531751911643855,
		5.229802799111904,
		0.0,
		0.0,
		0.0,
		0.0,
		0.0,
		0.0,
		0.0,
		0.0,
		0.0,
		0.0,
		0.0
	],
	[
		6.131651135856206,
		6.555995866911392,
		6.924940466190941,
		7.2261929960660325,
		7.449364211075889,
		7.586561786117957,
		7.632853545183538,
		7.586561786117957,
		7.449364211075889,
		7.2261929960660325,
		6.924940466190941,
		6.555995866911392,
		6.131651135856206,
		5.665423022798931,
		5.171343522234135,
		4.663270116555867,
		4.1542621241591124,
		3.65606037567066,
		20.0,
		20.0,
		20.0,
		20.0,
		20.0,
		20.0,
		20.0,
		20.0,
		20.0,
		20.0,
		20.0,
		19.2797487117939,
		17.546039325404426,
		15.7384186554644,
		13.913851218657312,
		12.123775409411401,
		10.411964435956202,
		8.813161641278738,
		7.352500472877648,
		6.04564515150862,
		4.899531005928286,
		1.2415583754404644,
		1.2514583665450307,
		1.2415583754404644,
		1.2123258277816693,
		1.1651264112084982,
		1.1021182962136342,
		1.0260885775527002,
		0.9402491938102543,
		0.8480131017686576,
		0.7527723008243912,
		0.6576974745621844
	],
	[
		7.31464775661625,
		7.820862504695085,
		8.260988618468028,
		8.62036264236512,
		8.88659090471149,
		9.050258392025986,
		9.10548134977366,
		9.050258392025986,
		8.88659090471149,
		8.62036264236512,
		8.260988618468028,
		7.820862504695085,
		7.31464775661625,
		6.758468948382469,
		6.169065306472286,
		5.562967876155586,
		4.955755546688185,
		4.361434340021152,
		19.2797487117939,
		20.0,
		20.0,
		20.0,
		20.0,
		20.0,
		20.0,
		20.0,
		20.0,
		20.0,
		19.2797487117939,
		17.802247406708485,
		16.20140063794547,
		14.532306768269287,
		12.847564845238203,
		11.194671287892946,
		9.614044749730331,
		8.137766021679585,
		6.789042452407055,
		5.582337836928681,
		4.5240560158866785,
		1.6923429116735496,
		1.7058373877311095,
		1.6923429116735496,
		1.652496621882326,
		1.5881600593389862,
		1.5022749822465453,
		1.398640422649846,
		1.2816345085562642,
		1.1559093717807278,
		1.0260885775527002,
		0.8964940200302975
	],
	[
		8.62036264236512,
		9.216940201333141,
		9.735631850656354,
		10.159156607188443,
		10.47290844369986,
		10.665791702109598,
		10.73087233726915,
		10.665791702109598,
		10.47290844369986,
		10.159156607188443,
		9.735631850656354,
		9.216940201333141,
		8.62036264236512,
		7.9649020951860745,
		7.270285853221348,
		6.555995866911392,
		5.840391964291522,
		5.139980338470748,
		17.546039325404426,
		18.728797810708404,
		19.703572218764624,
		20.0,
		20.0,
		20.0,
		20.0,
		20.0,
		19.703572218764624,
		18.728797810708404,
		17.546039325404426,
		16.20140063794547,
		14.744508186775708,
		13.225505677307583,
		11.692262247813197,
		10.188003256089596,
		8.749512754373997,
		7.4059867051059864,
		6.178545562624743,
		5.080352481696328,
		4.117235444906077,
		2.2704454147846076,
		2.288549589227309,
		2.2704454147846076,
		2.2169876756180233,
		2.1306738130893716,
		2.0154504868131835,
		1.8764144740603874,
		1.7194394666171564,
		1.5507667594806922,
		1.376599322748119,
		1.2027354049344359
	],
	[
		10.036303696839045,
		10.73087233726915,
		11.334761887348892,
		11.827852869252137,
		12.193140137005132,
		12.4177055108471,
		12.493475991317885,
		12.4177055108471,
		12.193140137005132,
		11.827852869252137,
		11.334761887348892,
		10.73087233726915,
		10.036303696839045,
		9.273180219822505,
		8.464469513981209,
		7.632853545183538,
		6.799707842235968,
		5.984249829485194,
		15.7384186554644,
		16.799327494478863,
		17.673679104212738,
		18.325941684857245,
		18.728797810708404,
		18.865041641328528,
		18.728797810708404,
		18.325941684857245,
		17.673679104212738,
		16.799327494478863,
		15.7384186554644,
		14.532306768269287,
		13.225505677307583,
		11.862993204301981,
		10.487706933332309,
		9.138419077598684,
		7.848124138208577,
		6.643010263461538,
		5.542022045149422,
		4.55696654905459,
		3.6930713497962304,
		2.9980249270759716,
		3.0219307060521636,
		2.9980249270759716,
		2.927436295645804,
		2.813462575014579,
		2.6613151584296304,
		2.4777241197374815,
		2.2704454147846076,
		2.0477204035513035,
		1.8177398396456443,
		1.5881600593389862
	],
	[
		11.543518205413106,
		12.342394563473011,
		13.036973984938681,
		13.604115524140795,
		14.024260265958478,
		14.282550026766195,
		14.369699434273947,
		14.282550026766195,
		14.024260265958478,
		13.604115524140795,
		13.036973984938681,
		12.342394563473011,
		11.543518205413106,
		10.665791702109598,
		9.735631850656354,
		8.779126909623963,
		7.820862504695085,
		6.8829420610457674,
		13.913851218657312,
		14.851768049169413,
		15.624755378897536,
		16.20140063794547,
		16.557553331575303,
		16.678002306164643,
		16.557553331575303,
		16.20140063794547,
		15.624755378897536,
		14.851768049169413,
		13.913851218657312,
		12.847564845238203,
		11.692262247813197,
		10.487706933332309,
		9.271858697481106,
		8.07899485983624,
		6.938284842656267,
		5.872880781305534,
		4.899531005928286,
		4.028673779746578,
		3.2649306404814573,
		3.8963762679416374,
		3.927445359138401,
		3.8963762679416374,
		3.8046359138815276,
		3.656510227458487,
		3.4587721840365413,
		3.2201685087613905,
		2.950779211983342,
		2.6613151584296304,
		2.3624214423711005,
		2.064048603804154
	],
	[
		13.11652312401764,
		14.024260265958478,
		14.813488201584645,
		15.45791262931649,
		15.935309392021113,
		16.228795620400145,
		16.327820648860175,
		16.228795620400145,
		15.935309392021113,
		15.45791262931649,
		14.813488201584645,
		14.024260265958478,
		13.11652312401764,
		12.119191134560134,
		11.062280842263098,
		9.97543548419841,
		8.88659090471149,
		7.820862504695085,
		12.123775409411401,
		12.941025272669103,
		13.614564513003796,
		14.11702192049889,
		14.427354063711336,
		14.532306768269287,
		14.427354063711336,
		14.11702192049889,
		13.614564513003796,
		12.941025272669103,
		12.123775409411401,
		11.194671287892946,
		10.188003256089596,
		9.138419077598684,
		8.07899485983624,
		7.039598000236178,
		6.04564515150862,
		5.117309828879125,
		4.2691856189802095,
		3.51036785832078,
		2.844883504246835,
		4.984114550961718,
		5.023857096052402,
		4.984114550961718,
		4.866763350220797,
		4.67728591316047,
		4.424346003941008,
		4.119132141605258,
		3.7745383391555483,
		3.4042655774698374,
		3.0219307060521636,
		2.640262123746872
	],
	[
		14.72364730228149,
		15.742606472691898,
		16.628535895862697,
		17.35191951644461,
		17.88781012486682,
		18.217256249718094,
		18.32841448726003,
		18.217256249718094,
		17.88781012486682,
		17.35191951644461,
		16.628535895862697,
		15.742606472691898,
		14.72364730228149,
		13.604115524140795,
		12.4177055108471,
		11.197692587226781,
		9.97543548419841,
		8.779126909623963,
		10.411964435956202,
		11.113823075215043,
		11.692262247813197,
		12.123775409411401,
		12.39029034633062,
		12.480424301341573,
		12.39029034633062,
		12.123775409411401,
		11.692262247813197,
		11.113823075215043,
		10.411964435956202,
		9.614044749730331,
		8.749512754373997,
		7.848124138208577,
		6.938284842656267,
		6.04564515150862,
		5.192033024717244,
		4.394773587169685,
		3.666399890648886,
		3.0147230597481154,
		2.4432014673962494,
		6.275041708107626,
		6.325077903199143,
		6.275041708107626,
		6.127295569527467,
		5.8887418990325795,
		5.5702884478191015,
		5.186021654496724,
		4.752175188766901,
		4.285998699603805,
		3.8046359138815276,
		3.3241119916980217
	],
	[
		16.327820648860175,
		17.45779763359781,
		18.440250991254615,
		19.24244882815569,
		19.836725882073612,
		20.0,
		20.0,
		20.0,
		19.836725882073612,
		19.24244882815569,
		18.440250991254615,
		17.45779763359781,
		16.327820648860175,
		15.08631345238255,
		13.770641491803223,
		12.4177055108471,
		11.062280842263098,
		9.735631850656354,
		8.813161641278738,
		9.407246808891784,
		9.896864110133254,
		10.262116533621288,
		10.487706933332309,
		10.564000424321966,
		10.487706933332309,
		10.262116533621288,
		9.896864110133254,
		9.407246808891784,
		8.813161641278738,
		8.137766021679585,
		7.4059867051059864,
		6.643010263461538,
		5.872880781305534,
		5.117309828879125,
		4.394773587169685,
		3.7199368321691564,
		3.1034081106028886,
		2.551799114631775,
		2.0680371688568004,
		7.775828869284323,
		7.837832105023626,
		7.775828869284323,
		7.592746629653543,
		7.297138631461084,
		6.902521407440153,
		6.426350417028592,
		5.8887418990325795,
		5.311071060935603,
		4.714581854978246,
		4.119132141605258
	],
	[
		17.88781012486682,
		19.12574715168414,
		20.0,
		20.0,
		20.0,
		20.0,
		20.0,
		20.0,
		20.0,
		20.0,
		20.0,
		19.12574715168414,
		17.88781012486682,
		16.527687088434664,
		15.08631345238255,
		13.604115524140795,
		12.119191134560134,
		10.665791702109598,
		7.352500472877648,
		7.848124138208577,
		8.256594059155661,
		8.561310882212343,
		8.749512754373997,
		8.813161641278738,
		8.749512754373997,
		8.561310882212343,
		8.256594059155661,
		7.848124138208577,
		7.352500472877648,
		6.789042452407055,
		6.178545562624743,
		5.542022045149422,
		4.899531005928286,
		4.2691856189802095,
		3.666399890648886,
		3.1034081106028886,
		2.5890606038435644,
		2.1288732648612374,
		1.7252882541868348,
		9.483709601853018,
		9.55933120978855,
		9.483709601853018,
		9.260415233740853,
		8.899879983033825,
		8.418589149681377,
		7.837832105023626,
		7.182143412555523,
		6.477593123953941,
		5.750091206790465,
		5.023857096052402
	],
	[
		19.359862596091343,
		20.0,
		20.0,
		20.0,
		20.0,
		20.0,
		20.0,
		20.0,
		20.0,
		20.0,
		20.0,
		20.0,
		19.359862596091343,
		17.88781012486682,
		16.327820648860175,
		14.72364730228149,
		13.11652312401764,
		11.543518205413106,
		6.04564515150862,
		6.4531751911643855,
		6.789042452407055,
		7.039598000236178,
		7.194348311390342,
		7.246684055663196,
		7.194348311390342,
		7.039598000236178,
		6.789042452407055,
		6.4531751911643855,
		6.04564515150862,
		5.582337836928681,
		5.080352481696328,
		4.55696654905459,
		4.028673779746578,
		3.51036785832078,
		3.0147230597481154,
		2.551799114631775,
		2.1288732648612374,
		1.750480993420106,
		1.4186303839565875,
		11.384429601991465,
		11.47520725209615,
		11.384429601991465,
		11.116382696190238,
		10.68358916359319,
		10.10583827913821,
		9.408686218569532,
		8.621584749460187,
		7.775828869284323,
		6.902521407440153,
		6.030735845106307
	],
	[
		20.0,
		20.0,
		20.0,
		20.0,
		20.0,
		20.0,
		20.0,
		20.0,
		20.0,
		20.0,
		20.0,
		20.0,
		20.0,
		19.12574715168414,
		17.45779763359781,
		15.742606472691898,
		14.024260265958478,
		12.342394563473011,
		4.899531005928286,
		5.229802799111904,
		5.501997415086684,
		5.705053440462205,
		5.830466680683171,
		5.872880781305534,
		5.830466680683171,
		5.705053440462205,
		5.501997415086684,
		5.229802799111904,
		4.899531005928286,
		4.5240560158866785,
		4.117235444906077,
		3.6930713497962304,
		3.2649306404814573,
		2.844883504246835,
		2.4432014673962494,
		2.0680371688568004,
		1.7252882541868348,
		1.4186303839565875,
		1.1496909557142634,
		13.450727688611838,
		13.55798167449064,
		13.450727688611838,
		13.134029701645796,
		12.62268322616345,
		11.940069332420437,
		11.116382696190238,
		10.186420643243448,
		9.187158279383096,
		8.15534366342343,
		7.12532717495881
	],
	[
		20.0,
		20.0,
		20.0,
		20.0,
		20.0,
		20.0,
		20.0,
		20.0,
		20.0,
		20.0,
		20.0,
		20.0,
		20.0,
		20.0,
		18.440250991254615,
		16.628535895862697,
		14.813488201584645,
		13.036973984938681,
		3.9135477227470328,
		4.177355508132491,
		4.394773587169685,
		4.55696654905459,
		4.657141586231664,
		4.691020258843832,
		4.657141586231664,
		4.55696654905459,
		4.394773587169685,
		4.177355508132491,
		3.9135477227470328,
		3.613633447187225,
		3.2886815860394196,
		2.9498764174468213,
		2.607894889842083,
		2.272378181922819,
		1.9515307745520065,
		1.6518646668309729,
		1.3780906601234642,
		1.1331447238185544,
		0.918326757429295,
		15.64162107656054,
		15.766344901538972,
		15.64162107656054,
		15.273338406469284,
		14.678702339671096,
		13.884902322697764,
		12.92705122735162,
		11.845614268361691,
		10.68358916359319,
		9.483709601853018,
		8.285921051809465
	],
	[
		20.0,
		20.0,
		20.0,
		20.0,
		20.0,
		20.0,
		20.0,
		20.0,
		20.0,
		20.0,
		20.0,
		20.0,
		20.0,
		20.0,
		19.24244882815569,
		17.35191951644461,
		15.45791262931649,
		13.604115524140795,
		0.0,
		0.0,
		0.0,
		0.0,
		0.0,
		0.0,
		0.0,
		3.0219307060521636,
		3.8046359138815276,
		4.714581854978246,
		5.750091206790465,
		6.902521407440153,
		8.15534366342343,
		9.483709601853018,
		10.854646966813434,
		12.227977614014982,
		13.55798167449064,
		14.795748002173886,
		15.89206325467028,
		16.800612683979296,
		17.48120760409027,
		17.902728141481557,
		18.045481678370432,
		17.902728141481557,
		17.48120760409027,
		16.800612683979296,
		15.89206325467028,
		14.795748002173886,
		13.55798167449064,
		12.227977614014982,
		10.854646966813434,
		9.483709601853018
	],
	[
		20.0,
		20.0,
		20.0,
		20.0,
		20.0,
		20.0,
		20.0,
		20.0,
		20.0,
		20.0,
		20.0,
		20.0,
		20.0,
		20.0,
		19.836725882073612,
		17.88781012486682,
		15.935309392021113,
		14.024260265958478,
		0.0,
		0.0,
		0.0,
		0.0,
		0.0,
		0.0,
		0.0,
		3.4042655774698374,
		4.285998699603805,
		5.311071060935603,
		6.477593123953941,
		7.775828869284323,
		9.187158279383096,
		10.68358916359319,
		12.227977614014982,
		13.77506214490426,
		15.273338406469284,
		16.667707011230597,
		17.902728141481557,
		18.926227304262547,
		19.692931138369133,
		20.0,
		20.0,
		20.0,
		19.692931138369133,
		18.926227304262547,
		17.902728141481557,
		16.667707011230597,
		15.273338406469284,
		13.77506214490426,
		12.227977614014982,
		10.68358916359319
	],
	[
		20.0,
		20.0,
		20.0,
		20.0,
		20.0,
		20.0,
		20.0,
		20.0,
		20.0,
		20.0,
		20.0,
		20.0,
		20.0,
		20.0,
		20.0,
		18.217256249718094,
		16.228795620400145,
		14.282550026766195,
		0.0,
		0.0,
		0.0,
		0.0,
		0.0,
		0.0,
		0.0,
		3.7745383391555483,
		4.752175188766901,
		5.8887418990325795,
		7.182143412555523,
		8.621584749460187,
		10.186420643243448,
		11.845614268361691,
		13.55798167449064,
		15.273338406469284,
		16.93457812564743,
		18.480608433158906,
		19.84995947223505,
		20.0,
		20.0,
		20.0,
		20.0,
		20.0,
		20.0,
		20.0,
		19.84995947223505,
		18.480608433158906,
		16.93457812564743,
		15.273338406469284,
		13.55798167449064,
		11.845614268361691
	],
	[
		20.0,
		20.0,
		20.0,
		20.0,
		20.0,
		20.0,
		20.0,
		20.0,
		20.0,
		20.0,
		20.0,
		20.0,
		20.0,
		20.0,
		20.0,
		18.32841448726003,
		16.327820648860175,
		14.369699434273947,
		0.0,
		0.0,
		0.0,
		0.0,
		0.0,
		0.0,
		0.0,
		4.119132141605258,
		5.186021654496724,
		6.426350417028592,
		7.837832105023626,
		9.408686218569532,
		11.116382696190238,
		12.92705122735162,
		14.795748002173886,
		16.667707011230597,
		18.480608433158906,
		20.0,
		20.0,
		20.0,
		20.0,
		20.0,
		20.0,
		20.0,
		20.0,
		20.0,
		20.0,
		20.0,
		18.480608433158906,
		16.667707011230597,
		14.795748002173886,
		12.92705122735162
	],
	[
		20.0,
		20.0,
		20.0,
		20.0,
		20.0,
		20.0,
		20.0,
		20.0,
		20.0,
		20.0,
		20.0,
		20.0,
		20.0,
		20.0,
		20.0,
		18.217256249718094,
		16.228795620400145,
		14.282550026766195,
		0.0,
		0.0,
		0.0,
		0.0,
		0.0,
		0.0,
		0.0,
		4.424346003941008,
		5.5702884478191015,
		6.902521407440153,
		8.418589149681377,
		10.10583827913821,
		11.940069332420437,
		13.884902322697764,
		15.89206325467028,
		17.902728141481557,
		19.84995947223505,
		20.0,
		20.0,
		20.0,
		20.0,
		20.0,
		20.0,
		20.0,
		20.0,
		20.0,
		20.0,
		20.0,
		19.84995947223505,
		17.902728141481557,
		15.89206325467028,
		13.884902322697764
	],
	[
		20.0,
		20.0,
		20.0,
		20.0,
		20.0,
		20.0,
		20.0,
		20.0,
		20.0,
		20.0,
		20.0,
		20.0,
		20.0,
		20.0,
		19.836725882073612,
		17.88781012486682,
		15.935309392021113,
		14.024260265958478,
		0.0,
		0.0,
		0.0,
		0.0,
		0.0,
		0.0,
		0.0,
		4.67728591316047,
		5.8887418990325795,
		7.297138631461084,
		8.899879983033825,
		10.68358916359319,
		12.62268322616345,
		14.678702339671096,
		16.800612683979296,
		18.926227304262547,
		20.0,
		20.0,
		20.0,
		20.0,
		20.0,
		20.0,
		20.0,
		20.0,
		20.0,
		20.0,
		20.0,
		20.0,
		20.0,
		18.926227304262547,
		16.800612683979296,
		14.678702339671096
	],
	[
		20.0,
		20.0,
		20.0,
		20.0,
		20.0,
		20.0,
		20.0,
		20.0,
		20.0,
		20.0,
		20.0,
		20.0,
		20.0,
		20.0,
		19.24244882815569,
		17.35191951644461,
		15.45791262931649,
		13.604115524140795,
		0.0,
		0.0,
		0.0,
		0.0,
		0.0,
		0.0,
		0.0,
		4.866763350220797,
		6.127295569527467,
		7.592746629653543,
		9.260415233740853,
		11.116382696190238,
		13.134029701645796,
		15.273338406469284,
		17.48120760409027,
		19.692931138369133,
		20.0,
		20.0,
		20.0,
		20.0,
		20.0,
		20.0,
		20.0,
		20.0,
		20.0,
		20.0,
		20.0,
		20.0,
		20.0,
		19.692931138369133,
		17.48120760409027,
		15.273338406469284
	],
	[
		20.0,
		20.0,
		20.0,
		20.0,
		20.0,
		20.0,
		20.0,
		20.0,
		20.0,
		20.0,
		20.0,
		20.0,
		20.0,
		20.0,
		18.440250991254615,
		16.628535895862697,
		14.813488201584645,
		13.036973984938681,
		0.0,
		0.0,
		0.0,
		0.0,
		0.0,
		0.0,
		0.0,
		4.984114550961718,
		6.275041708107626,
		7.775828869284323,
		9.483709601853018,
		11.384429601991465,
		13.450727688611838,
		15.64162107656054,
		17.902728141481557,
		20.0,
		20.0,
		20.0,
		20.0,
		20.0,
		20.0,
		20.0,
		20.0,
		20.0,
		20.0,
		20.0,
		20.0,
		20.0,
		20.0,
		20.0,
		17.902728141481557,
		15.64162107656054
	],
	[
		20.0,
		20.0,
		20.0,
		20.0,
		20.0,
		20.0,
		20.0,
		20.0,
		20.0,
		20.0,
		20.0,
		20.0,
		20.0,
		19.12574715168414,
		17.45779763359781,
		15.742606472691898,
		14.024260265958478,
		12.342394563473011,
		0.0,
		0.0,
		0.0,
		0.0,
		0.0,
		0.0,
		0.0,
		5.023857096052402,
		6.325077903199143,
		7.837832105023626,
		9.55933120978855,
		11.47520725209615,
		13.55798167449064,
		15.766344901538972,
		18.045481678370432,
		20.0,
		20.0,
		20.0,
		20.0,
		20.0,
		20.0,
		20.0,
		20.0,
		20.0,
		20.0,
		20.0,
		20.0,
		20.0,
		20.0,
		20.0,
		18.045481678370432,
		15.766344901538972
	],
	[
		19.359862596091343,
		20.0,
		20.0,
		20.0,
		20.0,
		20.0,
		20.0,
		20.0,
		20.0,
		20.0,
		20.0,
		20.0,
		19.359862596091343,
		17.88781012486682,
		16.327820648860175,
		14.72364730228149,
		13.11652312401764,
		11.543518205413106,
		0.0,
		0.0,
		0.0,
		0.0,
		0.0,
		0.0,
		0.0,
		4.984114550961718,
		6.275041708107626,
		7.775828869284323,
		9.483709601853018,
		11.384429601991465,
		13.450727688611838,
		15.64162107656054,
		17.902728141481557,
		20.0,
		20.0,
		20.0,
		20.0,
		20.0,
		20.0,
		20.0,
		20.0,
		20.0,
		20.0,
		20.0,
		20.0,
		20.0,
		20.0,
		20.0,
		17.902728141481557,
		15.64162107656054
	],
	[
		17.88781012486682,
		19.12574715168414,
		20.0,
		20.0,
		20.0,
		20.0,
		20.0,
		20.0,
		20.0,
		20.0,
		20.0,
		19.12574715168414,
		17.88781012486682,
		16.527687088434664,
		15.08631345238255,
		13.604115524140795,
		12.119191134560134,
		10.665791702109598,
		0.0,
		0.0,
		0.0,
		0.0,
		0.0,
		0.0,
		0.0,
		4.866763350220797,
		6.127295569527467,
		7.592746629653543,
		9.260415233740853,
		11.116382696190238,
		13.134029701645796,
		15.273338406469284,
		17.48120760409027,
		19.692931138369133,
		20.0,
		20.0,
		20.0,
		20.0,
		20.0,
		20.0,
		20.0,
		20.0,
		20.0,
		20.0,
		20.0,
		20.0,
		20.0,
		19.692931138369133,
		17.48120760409027,
		15.273338406469284
	],
	[
		16.327820648860175,
		17.45779763359781,
		18.440250991254615,
		19.24244882815569,
		19.836725882073612,
		20.0,
		20.0,
		20.0,
		19.836725882073612,
		19.24244882815569,
		18.440250991254615,
		17.45779763359781,
		16.327820648860175,
		15.08631345238255,
		13.770641491803223,
		12.4177055108471,
		11.062280842263098,
		9.735631850656354,
		0.0,
		0.0,
		0.0,
		0.0,
		0.0,
		0.0,
		0.0,
		4.67728591316047,
		5.8887418990325795,
		7.297138631461084,
		8.899879983033825,
		10.68358916359319,
		12.62268322616345,
		14.678702339671096,
		16.800612683979296,
		18.926227304262547,
		20.0,
		20.0,
		20.0,
		20.0,
		20.0,
		20.0,
		20.0,
		20.0,
		20.0,
		20.0,
		20.0,
		20.0,
		20.0,
		18.926227304262547,
		16.800612683979296,
		14.678702339671096
	],
	[
		14.72364730228149,
		15.742606472691898,
		16.628535895862697,
		17.35191951644461,
		17.88781012486682,
		18.217256249718094,
		18.32841448726003,
		18.217256249718094,
		17.88781012486682,
		17.35191951644461,
		16.628535895862697,
		15.742606472691898,
		14.72364730228149,
		13.604115524140795,
		12.4177055108471,
		11.197692587226781,
		9.97543548419841,
		8.779126909623963,
		0.0,
		0.0,
		0.0,
		0.0,
		0.0,
		0.0,
		0.0,
		4.424346003941008,
		5.5702884478191015,
		6.902521407440153,
		8.418589149681377,
		10.10583827913821,
		11.940069332420437,
		13.884902322697764,
		15.89206325467028,
		17.902728141481557,
		19.84995947223505,
		20.0,
		20.0,
		20.0,
		20.0,
		20.0,
		20.0,
		20.0,
		20.0,
		20.0,
		20.0,
		20.0,
		19.84995947223505,
		17.902728141481557,
		15.89206325467028,
		13.884902322697764
	],
	[
		13.11652312401764,
		14.024260265958478,
		14.813488201584645,
		15.45791262931649,
		15.935309392021113,
		16.228795620400145,
		16.327820648860175,
		16.228795620400145,
		15.935309392021113,
		15.45791262931649,
		14.813488201584645,
		14.024260265958478,
		13.11652312401764,
		12.119191134560134,
		11.062280842263098,
		9.97543548419841,
		8.88659090471149,
		7.820862504695085,
		0.0,
		0.0,
		0.0,
		0.0,
		0.0,
		0.0,
		0.0,
		4.119132141605258,
		5.186021654496724,
		6.426350417028592,
		7.837832105023626,
		9.408686218569532,
		11.116382696190238,
		12.92705122735162,
		14.795748002173886,
		16.667707011230597,
		18.480608433158906,
		20.0,
		20.0,
		20.0,
		20.0,
		20.0,
		20.0,
		20.0,
		20.0,
		20.0,
		20.0,
		20.0,
		18.480608433158906,
		16.667707011230597,
		14.795748002173886,
		12.92705122735162
	],
	[
		11.543518205413106,
		12.342394563473011,
		13.036973984938681,
		13.604115524140795,
		14.024260265958478,
		14.282550026766195,
		14.369699434273947,
		14.282550026766195,
		14.024260265958478,
		13.604115524140795,
		13.036973984938681,
		12.342394563473011,
		11.543518205413106,
		10.665791702109598,
		9.735631850656354,
		8.779126909623963,
		7.820862504695085,
		6.8829420610457674,
		0.0,
		0.0,
		0.0,
		0.0,
		0.0,
		0.0,
		0.0,
		3.7745383391555483,
		4.752175188766901,
		5.8887418990325795,
		7.182143412555523,
		8.621584749460187,
		10.186420643243448,
		11.845614268361691,
		13.55798167449064,
		15.273338406469284,
		16.93457812564743,
		18.480608433158906,
		19.84995947223505,
		20.0,
		20.0,
		20.0,
		20.0,
		20.0,
		20.0,
		20.0,
		19.84995947223505,
		18.480608433158906,
		16.93457812564743,
		15.273338406469284,
		13.55798167449064,
		11.845614268361691
	],
	[
		10.036303696839045,
		10.73087233726915,
		11.334761887348892,
		11.827852869252137,
		12.193140137005132,
		12.4177055108471,
		12.493475991317885,
		12.4177055108471,
		12.193140137005132,
		11.827852869252137,
		11.334761887348892,
		10.73087233726915,
		10.036303696839045,
		9.273180219822505,
		8.464469513981209,
		7.632853545183538,
		6.799707842235968,
		5.984249829485194,
		0.0,
		0.0,
		0.0,
		0.0,
		0.0,
		0.0,
		0.0,
		3.4042655774698374,
		4.285998699603805,
		5.311071060935603,
		6.477593123953941,
		7.775828869284323,
		9.187158279383096,
		10.68358916359319,
		12.227977614014982,
		13.77506214490426,
		15.273338406469284,
		16.667707011230597,
		17.902728141481557,
		18.926227304262547,
		19.692931138369133,
		20.0,
		20.0,
		20.0,
		19.692931138369133,
		18.926227304262547,
		17.902728141481557,
		16.667707011230597,
		15.273338406469284,
		13.77506214490426,
		12.227977614014982,
		10.68358916359319
	],
	[
		8.62036264236512,
		9.216940201333141,
		9.735631850656354,
		10.159156607188443,
		10.47290844369986,
		10.665791702109598,
		10.73087233726915,
		10.665791702109598,
		10.47290844369986,
		10.159156607188443,
		9.735631850656354,
		9.216940201333141,
		8.62036264236512,
		7.9649020951860745,
		7.270285853221348,
		6.555995866911392,
