[
	[
		0.0,
		0.0,
		0.0,
		0.0,
		0.0,
		0.0,
		0.0,
		0.0,
		0.0,
		0.0,
		0.0,
		0.0,
		0.0,
		0.0,
		0.0,
		0.0,
		0.0,
		0.0,
		0.0,
		0.0,
		0.0,
		0.06728255065128651,
		0.0972230181945976,
		0.13756264387524642,
		0.19058849989474672,
		0.2585577930624196,
		0.343465670168505,
		0.44675950505148354,
		0.5690219632301041,
		0.709657866128036,
		0.8666301121523999,
		1.03629473538816,
		1.213382065018584,
		1.391158499864028,
		1.5617820194975731,
		1.716836691499027,
		1.848001488591986,
		1.9477822771940878,
		2.010218501448313,
		2.031472204155743,
		2.010218501448313,
		1.9477822771940878,
		1.848001488591986,
		1.716836691499027,
		1.5617820194975731,
		1.391158499864028,
		1.213382065018584,
		1.03629473538816,
		0.8666301121523999,
		0.709657866128036
	],
	[
		0.0,
		0.0,
		0.0,
		0.0,
		0.0,
		0.0,
		0.0,
		0.0,
		0.0,
		0.0,
		0.0,
		0.0,
		0.0,
		0.0,
		0.0,
		0.0,
		0.0,
		0.0,
		0.0,
		0.0,
		0.0,
		0.09321775182912498,
		0.13469928078550336,
		0.19058849989474672,
		0.2640540721583658,
		0.35822328306333356,
		0.4758603425950761,
		0.6189705394053097,
		0.7883611373269344,
		0.9832075360990307,
		1.2006873987427293,
		1.4357521308297057,
		1.6811007774814608,
		1.927404156649984,
		2.163797408027227,
		2.3786205351926877,
		2.560345029668213,
		2.6985880168794485,
		2.785091343542001,
		2.8145376467105523,
		2.785091343542001,
		2.6985880168794485,
		2.560345029668213,
		2.3786205351926877,
		2.163797408027227,
		1.927404156649984,
		1.6811007774814608,
		1.4357521308297057,
		1.2006873987427293,
		0.9832075360990307
	],
	[
		0.0,
		0.0,
		0.0,
		0.0,
		0.0,
		0.0,
		0.0,
		0.0,
		0.0,
		0.0,
		0.0,
		0.0,
		0.0,
		0.0,
		0.0,
		0.0,
		0.0,
		0.0,
		0.0,
		0.0,
		0.0,
		0.12646185997837953,
		0.1827368848919457,
		0.2585577930624196,
		0.35822328306333356,
		0.48597591955223135,
		0.6455657086091643,
		0.8397130819943218,
		1.069513196840318,
		1.3338473769219883,
		1.6288867594226473,
		1.9477822771940878,
		2.2806292466815576,
		2.614771433522836,
		2.9354692584425144,
		3.226904437843914,
		3.473437068421961,
		3.660981446490067,
		3.778334325844165,
		3.8182820203027092,
		3.778334325844165,
		3.660981446490067,
		3.473437068421961,
		3.226904437843914,
		2.9354692584425144,
		2.614771433522836,
		2.2806292466815576,
		1.9477822771940878,
		1.6288867594226473,
		1.3338473769219883
	],
	[
		0.0,
		0.0,
		0.0,
		0.0,
		0.0,
		0.0,
		0.0,
		0.0,
		0.0,
		0.0,
		0.0,
		0.0,
		0.0,
		0.0,
		0.0,
		0.0,
		0.0,
		0.0,
		0.0,
		0.0,
		0.0,
		0.1679907109887183,
		0.2427459094948452,
		0.343465670168505,
		0.4758603425950761,
		0.6455657086091643,
		0.8575632399976575,
		1.115466731984417,
		1.4207309807062685,
		1.771869947491444,
		2.163797408027227,
		2.5874151277942667,
		3.029565821008803,
		3.473437068421961,
		3.8994489555632943,
		4.286588627580896,
		4.614080188275999,
		4.863212325182608,
		5.019102754460169,
		5.072168885193959,
		5.019102754460169,
		4.863212325182608,
		4.614080188275999,
		4.286588627580896,
		3.8994489555632943,
		3.473437068421961,
		3.029565821008803,
		2.5874151277942667,
		2.163797408027227,
		1.771869947491444
	],
	[
		0.0,
		0.0,
		0.0,
		0.0,
		0.0,
		0.0,
		0.0,
		0.0,
		0.0,
		0.0,
		0.0,
		0.0,
		0.0,
		0.0,
		0.0,
		0.0,
		0.0,
		0.0,
		0.0,
		0.0,
		0.0,
		0.21851222236489082,
		0.31574929257408446,
		0.44675950505148354,
		0.6189705394053097,
		0.8397130819943218,
		1.115466731984417,
		1.4509320970514015,
		1.848001488591986,
		2.304741956797356,
		2.8145376467105523,
		3.365554121577784,
		3.9406771746671523,
		4.5180382212707295,
		5.072168885193959,
		5.575736907498847,
		6.001718250824665,
		6.325774364270326,
		6.528547267286042,
		6.59757250142369,
		6.528547267286042,
		6.325774364270326,
		6.001718250824665,
		5.575736907498847,
		5.072168885193959,
		4.5180382212707295,
		3.9406771746671523,
		3.365554121577784,
		2.8145376467105523,
		2.304741956797356
	],
	[
		0.0,
		0.0,
		0.0,
		0.0,
		0.0,
		0.0,
		0.0,
		0.0,
		0.0,
		0.0,
		0.0,
		0.0,
		0.0,
		0.0,
		0.0,
		0.0,
		0.0,
		0.0,
		0.0,
		0.0,
		0.0,
		0.2783113786141266,
		0.40215883560959154,
		0.5690219632301041,
		0.035128739052117934,
		0.05897820462397276,
		0.0962845945050261,
		0.15284749818455462,
		0.23593704423148257,
		0.35413610402115764,
		0.5168690731090899,
		0.7335456730133275,
		1.0123018799392787,
		1.3584047705093958,
		1.7724933878757303,
		2.248931981204459,
		2.7746249554252813,
		3.3286530215090844,
		3.8830147146561207,
		4.4045933310239755,
		4.858238915471841,
		5.210605469450921,
		5.434177056886197,
		5.51081268037468,
		5.434177056886197,
		5.210605469450921,
		4.858238915471841,
		4.4045933310239755,
		3.8830147146561207,
		3.3286530215090844
	],
	[
		0.0,
		0.0,
		0.0,
		0.0,
		0.0,
		0.0,
		0.0,
		0.0,
		0.0,
		0.0,
		0.0,
		0.0,
		0.0,
		0.0,
		0.0,
		0.0,
		0.0,
		0.0,
		0.0,
		0.0,
		0.0,
		0.3470970750325582,
		0.501553893461629,
		0.709657866128036,
		0.047139146588603645,
		0.07914267088201946,
		0.12920400040157554,
		0.20510558639561105,
		0.31660319196795017,
		0.47521414574554366,
		0.69358501505724,
		0.9843426761862775,
		1.3584047705093958,
		1.8228391719013397,
		2.3785034103968856,
		3.017834889334129,
		3.723260670078182,
		4.466709223200968,
		5.210605469450921,
		5.910510206081739,
		6.519255816700842,
		6.992095408702639,
		7.292105432333786,
		7.394942539130389,
		7.292105432333786,
		6.992095408702639,
		6.519255816700842,
		5.910510206081739,
		5.210605469450921,
		4.466709223200968
	],
	[
		0.0,
		0.0,
		0.0,
		0.0,
		0.0,
		0.0,
		0.0,
		0.0,
		0.0,
		0.0,
		0.0,
		0.0,
		0.0,
		0.0,
		0.0,
		0.0,
		0.0,
		0.0,
		0.0,
		0.0,
		0.0,
		0.4238729554347885,
		0.6124947354035291,
		0.8666301121523999,
		0.061508784018089485,
		0.10326808612767194,
		0.16858983520280707,
		0.2676288420028636,
		0.41311476264405617,
		0.6200758046831105,
		0.9050136452757284,
		1.284404268022269,
		1.7724933878757303,
		2.3785034103968856,
		3.1035532703462305,
		3.9377750308102537,
		4.858238915471841,
		5.828316224712859,
		6.798977699384481,
		7.712237535299087,
		8.506549800056607,
		9.123527205130614,
		9.514990629528958,
		9.649176032718385,
		9.514990629528958,
		9.123527205130614,
		8.506549800056607,
		7.712237535299087,
		6.798977699384481,
		5.828316224712859
	],
	[
		0.0,
		0.0,
		0.0,
		0.0,
		0.0,
		0.0,
		0.0,
		0.0,
		0.0,
		0.0,
		0.0,
		0.0,
		0.0,
		0.0,
		0.0,
		0.0,
		0.0,
		0.0,
		0.0,
		0.0,
		0.0,
		0.5068567385681222,
		0.7324059721109971,
		1.03629473538816,
		0.07804208041027529,
		0.13102610318260904,
		0.21390605724514228,
		0.3395663227800726,
		0.5241582326754739,
		0.7867495119935003,
		1.1482774176812378,
		1.6296466068133508,
		2.248931981204459,
		3.017834889334129,
		3.9377750308102537,
		4.996232009751468,
		6.164112624663115,
		7.394942539130389,
		8.626513640181592,
		9.785253789051412,
		10.793073771622412,
		11.575892047528304,
		12.072579155431336,
		12.242833017424687,
		12.072579155431336,
		11.575892047528304,
		10.793073771622412,
		9.785253789051412,
		8.626513640181592,
		7.394942539130389
	],
	[
		0.0,
		0.0,
		0.0,
		0.0,
		0.0,
		0.0,
		0.0,
		0.0,
		0.0,
		0.0,
		0.0,
		0.0,
		0.0,
		0.0,
		0.0,
		0.0,
		0.0,
		0.0,
		0.0,
		0.0,
		0.0,
		0.5934710030945115,
		0.8575632399976575,
		1.213382065018584,
		0.0962845945050261,
		0.16165375331088921,
		0.263907085456242,
		0.4189407243446237,
		0.6466814137233625,
		0.9706540028288072,
		1.4166898801195924,
		2.0105802138874798,
		2.7746249554252813,
		3.723260670078182,
		4.858238915471841,
		6.164112624663115,
		7.604987994026578,
		9.123527205130614,
		10.642980856871183,
		12.072579155431336,
		13.315979354987459,
		14.281783186336867,
		14.894572037286324,
		15.104623127400345,
		14.894572037286324,
		14.281783186336867,
		13.315979354987459,
		12.072579155431336,
		10.642980856871183,
		9.123527205130614
	],
	[
		0.0,
		0.0,
		0.0,
		0.0,
		0.0,
		0.0,
		0.0,
		0.0,
		0.0,
		0.0,
		0.0,
		0.0,
		0.0,
		0.0,
		0.0,
		0.0,
		0.0,
		0.0,
		0.0,
		0.0,
		0.0,
		0.6804223122954393,
		0.9832075360990307,
		1.391158499864028,
		0.11551038845709792,
		0.1939322477960269,
		0.31660319196795017,
		0.5025934424745319,
		0.7758086502952611,
		1.1644710298732133,
		1.699569897106554,
		2.41204631669477,
		3.3286530215090844,
		4.466709223200968,
		5.828316224712859,
		7.394942539130389,
		9.123527205130614,
		10.945283375613382,
		12.76813657925799,
		14.483192405719091,
		15.974870703755265,
		17.133523095719177,
		17.86867162679239,
		18.12066503383365,
		17.86867162679239,
		17.133523095719177,
		15.974870703755265,
		14.483192405719091,
		12.76813657925799,
		10.945283375613382
	],
	[
		0.0,
		0.0,
		0.0,
		0.0,
		0.0,
		0.0,
		0.0,
		0.0,
		0.0,
		0.0,
		0.0,
		0.0,
		0.0,
		0.0,
		0.0,
		0.0,
		0.0,
		0.0,
		0.0,
		0.0,
		0.0,
		0.763875096268215,
		1.1037964771548767,
		1.5617820194975731,
		0.1347477598825275,
		0.22623017988727137,
		0.3693310312533853,
		0.5862965349670212,
		0.9050136452757284,
		1.3584047705093958,
		1.9826202600292047,
		2.8137541761296876,
		3.8830147146561207,
		5.210605469450921,
		6.798977699384481,
		8.626513640181592,
		10.642980856871183,
		12.76813657925799,
		14.894572037286324,
		16.895257289720945,
		18.63536319543703,
		19.98698027841184,
		20.0,
		20.0,
		20.0,
		19.98698027841184,
		18.63536319543703,
		16.895257289720945,
		14.894572037286324,
		12.76813657925799
	],
	[
		0.0,
		0.0,
		0.0,
		0.0,
		0.0,
		0.0,
		0.0,
		0.0,
		0.0,
		0.0,
		0.0,
		0.0,
		0.0,
		0.0,
		0.0,
		0.0,
		0.0,
		0.0,
		0.0,
		0.0,
		0.0,
		0.8397130819943218,
		1.213382065018584,
		1.716836691499027,
		0.15284749818455462,
		0.25661812144229157,
		0.4189407243446237,
		0.6650497094876198,
		1.0265778935684997,
		1.5408699252242493,
		2.248931981204459,
		3.1917063905381675,
		4.4045933310239755,
		5.910510206081739,
		7.712237535299087,
		9.785253789051412,
		12.072579155431336,
		14.483192405719091,
		16.895257289720945,
		19.164680809310145,
		20.0,
		20.0,
		20.0,
		20.0,
		20.0,
		20.0,
		20.0,
		19.164680809310145,
		16.895257289720945,
		14.483192405719091
	],
	[
		0.0,
		0.0,
		0.0,
		0.0,
		0.0,
		0.0,
		0.0,
		0.0,
		0.0,
		0.0,
		0.0,
		0.0,
		0.0,
		0.0,
		0.0,
		0.0,
		0.0,
		0.0,
		0.0,
		0.0,
		0.0,
		0.9038664150174651,
		1.3060833761814046,
		1.848001488591986,
		0.16858983520280707,
		0.283048184091126,
		0.4620890005783678,
		0.7335456730133275,
		1.1323090005083716,
		1.699569897106554,
		2.4805579194746357,
		3.520432200642655,
		4.858238915471841,
		6.519255816700842,
		8.506549800056607,
		10.793073771622412,
		13.315979354987459,
		15.974870703755265,
		18.63536319543703,
		20.0,
		20.0,
		20.0,
		20.0,
		20.0,
		20.0,
		20.0,
		20.0,
		20.0,
		18.63536319543703,
		15.974870703755265
	],
	[
		0.0,
		0.0,
		0.0,
		0.0,
		0.0,
		0.0,
		0.0,
		0.0,
		0.0,
		0.0,
		0.0,
		0.0,
		0.0,
		0.0,
		0.0,
		0.0,
		0.0,
		0.0,
		0.0,
		0.0,
		0.0,
		0.9526696785635961,
		1.3766038979775048,
		1.9477822771940878,
		0.18081760339204292,
		0.3035775806427444,
		0.4956041717336799,
		0.7867495119935003,
		1.2144350193169546,
		1.8228391719013397,
		2.6604720120581007,
		3.775768050657549,
		5.210605469450921,
		6.992095408702639,
		9.123527205130614,
		11.575892047528304,
		14.281783186336867,
		17.133523095719177,
		19.98698027841184,
		20.0,
		20.0,
		20.0,
		20.0,
		20.0,
		20.0,
		20.0,
		20.0,
		20.0,
		19.98698027841184,
		17.133523095719177
	],
	[
		0.0,
		0.0,
		0.0,
		0.0,
		0.0,
		0.0,
		0.0,
		0.0,
		0.0,
		0.0,
		0.0,
		0.0,
		0.0,
		0.0,
		0.0,
		0.0,
		0.0,
		0.0,
		0.0,
		0.0,
		0.0,
		0.9832075360990307,
		1.4207309807062685,
		2.010218501448313,
		0.18857594910898717,
		0.31660319196795017,
		0.5168690731090899,
		0.8205065942254142,
		1.2665428149843734,
		1.9010517807220435,
		2.7746249554252813,
		3.9377750308102537,
		5.434177056886197,
		7.292105432333786,
		9.514990629528958,
		12.072579155431336,
		14.894572037286324,
		17.86867162679239,
		20.0,
		20.0,
		20.0,
		20.0,
		20.0,
		20.0,
		20.0,
		20.0,
		20.0,
		20.0,
		20.0,
		17.86867162679239
	],
	[
		0.0,
		0.0,
		0.0,
		0.0,
		0.0,
		0.0,
		0.0,
		0.0,
		0.0,
		0.0,
		0.0,
		0.0,
		0.0,
		0.0,
		0.0,
		0.0,
		0.0,
		0.0,
		0.0,
		0.0,
		0.0,
		0.9936028243012324,
		1.4357521308297057,
		2.031472204155743,
		0.19123534634312525,
		0.3210680967292261,
		0.5241582326754739,
		0.8320778098421734,
		1.284404268022269,
		1.9278614129762792,
		2.8137541761296876,
		3.9933076057492882,
		5.51081268037468,
		7.394942539130389,
		9.649176032718385,
		12.242833017424687,
		15.104623127400345,
		18.12066503383365,
		20.0,
		20.0,
		20.0,
		20.0,
		20.0,
		20.0,
		20.0,
		20.0,
		20.0,
		20.0,
		20.0,
		18.12066503383365
	],
	[
		0.0,
		0.0,
		0.0,
		0.0,
		0.0,
		0.0,
		0.0,
		0.0,
		0.0,
		0.0,
		0.0,
		0.0,
		0.0,
		0.0,
		0.0,
		0.0,
		0.0,
		0.0,
		0.0,
		0.0,
		0.0,
		0.9832075360990307,
		1.4207309807062685,
		2.010218501448313,
		0.18857594910898717,
		0.31660319196795017,
		0.5168690731090899,
		0.8205065942254142,
		1.2665428149843734,
		1.9010517807220435,
		2.7746249554252813,
		3.9377750308102537,
		5.434177056886197,
		7.292105432333786,
		9.514990629528958,
		12.072579155431336,
		14.894572037286324,
		17.86867162679239,
		20.0,
		20.0,
		20.0,
		20.0,
		20.0,
		20.0,
		20.0,
		20.0,
		20.0,
		20.0,
		20.0,
		17.86867162679239
	],
	[
		0.0,
		0.0,
		0.0,
		0.0,
		0.0,
		0.0,
		0.0,
		0.0,
		0.0,
		0.0,
		0.0,
		0.0,
		0.0,
		0.0,
		0.0,
		0.0,
		0.0,
		0.0,
		0.0,
		0.0,
		0.0,
		0.9526696785635961,
		1.3766038979775048,
		1.9477822771940878,
		0.18081760339204292,
		0.3035775806427444,
		0.4956041717336799,
		0.7867495119935003,
		1.2144350193169546,
		1.8228391719013397,
		2.6604720120581007,
		3.775768050657549,
		5.210605469450921,
		6.992095408702639,
		9.123527205130614,
		11.575892047528304,
		14.281783186336867,
		17.133523095719177,
		19.98698027841184,
		20.0,
		20.0,
		20.0,
		20.0,
		20.0,
		20.0,
		20.0,
		20.0,
		20.0,
		19.98698027841184,
		17.133523095719177
	],
	[
		0.0,
		0.0,
		0.0,
		0.0,
		0.0,
		0.0,
		0.0,
		0.0,
		0.0,
		0.0,
		0.0,
		0.0,
		0.0,
		0.0,
		0.0,
		0.0,
		0.0,
		0.0,
		0.0,
		0.0,
		0.0,
		0.9038664150174651,
		1.3060833761814046,
		1.848001488591986,
		0.16858983520280707,
		0.283048184091126,
		0.4620890005783678,
		0.7335456730133275,
		1.1323090005083716,
		1.699569897106554,
		2.4805579194746357,
		3.520432200642655,
		4.858238915471841,
		6.519255816700842,
		8.506549800056607,
		10.793073771622412,
		13.315979354987459,
		15.974870703755265,
		18.63536319543703,
		20.0,
		20.0,
		20.0,
		20.0,
		20.0,
		20.0,
		20.0,
		20.0,
		20.0,
		18.63536319543703,
		15.974870703755265
	],
	[
		0.0,
		0.0,
		0.0,
		0.0,
		0.0,
		0.0,
		0.0,
		0.0,
		0.0,
		0.0,
		0.0,
		0.0,
		0.0,
		0.0,
		0.0,
		0.0,
		0.0,
		0.0,
		0.0,
		0.0,
		0.0,
		0.8397130819943218,
		1.213382065018584,
		1.716836691499027,
		0.15284749818455462,
		0.25661812144229157,
		0.4189407243446237,
		0.6650497094876198,
		1.0265778935684997,
		1.5408699252242493,
		2.248931981204459,
		3.1917063905381675,
		4.4045933310239755,
		5.910510206081739,
		7.712237535299087,
		9.785253789051412,
		12.072579155431336,
		14.483192405719091,
		16.895257289720945,
		19.164680809310145,
		20.0,
		20.0,
		20.0,
		20.0,
		20.0,
		20.0,
		20.0,
		19.164680809310145,
		16.895257289720945,
		14.483192405719091
	],
	[
		0.0,
		0.0,
		0.0,
		0.0,
		0.0,
		0.0,
		0.0,
		0.0,
		0.0,
		0.0,
		0.0,
		0.0,
		0.0,
		0.0,
		0.0,
		0.0,
		0.0,
		0.0,
		0.0,
		0.0,
		0.0,
		0.763875096268215,
		1.1037964771548767,
		1.5617820194975731,
		0.1347477598825275,
		0.22623017988727137,
		0.3693310312533853,
		0.5862965349670212,
		0.9050136452757284,
		1.3584047705093958,
		1.9826202600292047,
		2.8137541761296876,
		3.8830147146561207,
		5.210605469450921,
		6.798977699384481,
		8.626513640181592,
		10.642980856871183,
		12.76813657925799,
		14.894572037286324,
		16.895257289720945,
		18.63536319543703,
		19.98698027841184,
		20.0,
		20.0,
		20.0,
		19.98698027841184,
		18.63536319543703,
		16.895257289720945,
		14.894572037286324,
		12.76813657925799
	],
	[
		0.0,
		0.0,
		0.0,
		0.0,
		0.0,
		0.0,
		0.0,
		0.0,
		0.0,
		0.0,
		0.0,
		0.0,
		0.0,
		0.0,
		0.0,
		0.0,
		0.0,
		0.0,
		0.0,
		0.0,
		0.0,
		0.6804223122954393,
		0.9832075360990307,
		1.391158499864028,
		0.11551038845709792,
		0.1939322477960269,
		0.31660319196795017,
		0.5025934424745319,
		0.7758086502952611,
		1.1644710298732133,
		1.699569897106554,
		2.41204631669477,
		3.3286530215090844,
		4.466709223200968,
		5.828316224712859,
		7.394942539130389,
		9.123527205130614,
		10.945283375613382,
		12.76813657925799,
		14.483192405719091,
		15.974870703755265,
		17.133523095719177,
		17.86867162679239,
		18.12066503383365,
		17.86867162679239,
		17.133523095719177,
		15.974870703755265,
		14.483192405719091,
		12.76813657925799,
		10.945283375613382
	],
	[
		0.0,
		0.0,
		0.0,
		0.0,
		0.0,
		0.0,
		0.0,
		0.0,
		0.0,
		0.0,
		0.0,
		0.0,
		0.0,
		0.0,
		0.0,
		0.0,
		0.0,
		0.0,
		0.0,
		0.0,
		0.0,
		0.5934710030945115,
		0.8575632399976575,
		1.213382065018584,
		0.0962845945050261,
		0.16165375331088921,
		0.263907085456242,
		0.4189407243446237,
		0.6466814137233625,
		0.9706540028288072,
		1.4166898801195924,
		2.0105802138874798,
		2.7746249554252813,
		3.723260670078182,
		4.858238915471841,
		6.164112624663115,
		7.604987994026578,
		9.123527205130614,
		10.642980856871183,
		12.072579155431336,
		13.315979354987459,
		14.281783186336867,
		14.894572037286324,
		15.104623127400345,
		14.894572037286324,
		14.281783186336867,
		13.315979354987459,
		12.072579155431336,
		10.642980856871183,
		9.123527205130614
	],
	[
		0.0,
		0.0,
		0.0,
		0.0,
		0.0,
		0.0,
		0.0,
		0.0,
		0.0,
		0.0,
		0.0,
		0.0,
		0.0,
		0.0,
		0.0,
		0.0,
		0.0,
		0.0,
		0.0,
		0.0,
		0.0,
		0.5068567385681222,
		0.7324059721109971,
		1.03629473538816,
		0.07804208041027529,
		0.13102610318260904,
		0.21390605724514228,
		0.3395663227800726,
		0.5241582326754739,
		0.7867495119935003,
		1.1482774176812378,
		1.6296466068133508,
		2.248931981204459,
		3.017834889334129,
		3.9377750308102537,
		4.996232009751468,
		6.164112624663115,
		7.394942539130389,
		8.626513640181592,
		9.785253789051412,
		10.793073771622412,
		11.575892047528304,
		12.072579155431336,
		12.242833017424687,
		12.072579155431336,
		11.575892047528304,
		10.793073771622412,
		9.785253789051412,
		8.626513640181592,
		7.394942539130389
	],
	[
		0.0,
		0.0,
		0.0,
		0.0,
		0.0,
		0.0,
		0.0,
		0.0,
		0.0,
		0.0,
		0.0,
		0.0,
		0.0,
		0.0,
		0.0,
		0.0,
		0.0,
		0.0,
		0.0,
		0.0,
		0.0,
		0.4238729554347885,
		0.6124947354035291,
		0.8666301121523999,
		0.061508784018089485,
		0.10326808612767194,
		0.16858983520280707,
		0.2676288420028636,
		0.41311476264405617,
		0.6200758046831105,
		0.9050136452757284,
		1.284404268022269,
		1.7724933878757303,
		2.3785034103968856,
		3.1035532703462305,
		3.9377750308102537,
		4.858238915471841,
		5.828316224712859,
		6.798977699384481,
		7.712237535299087,
		8.506549800056607,
		9.123527205130614,
		9.514990629528958,
		9.649176032718385,
		9.514990629528958,
		9.123527205130614,
		8.506549800056607,
		7.712237535299087,
		6.798977699384481,
		5.828316224712859
	],
	[
		0.0,
		0.0,
		0.0,
		0.0,
		0.0,
		0.0,
		0.0,
		0.0,
		0.0,
		0.0,
		0.0,
		0.0,
		0.0,
		0.0,
		0.0,
		0.0,
		0.0,
		0.0,
		0.0,
		0.0,
		0.0,
		0.3470970750325582,
		0.501553893461629,
		0.709657866128036,
		0.047139146588603645,
		0.07914267088201946,
		0.12920400040157554,
		0.20510558639561105,
		0.31660319196795017,
		0.47521414574554366,
		0.69358501505724,
		0.9843426761862775,
		1.3584047705093958,
		1.8228391719013397,
		2.3785034103968856,
		3.017834889334129,
		3.723260670078182,
		4.466709223200968,
		5.210605469450921,
		5.910510206081739,
		6.519255816700842,
		6.992095408702639,
		7.292105432333786,
		7.394942539130389,
		7.292105432333786,
		6.992095408702639,
		6.519255816700842,
		5.910510206081739,
		5.210605469450921,
		4.466709223200968
	],
	[
		0.0,
		0.0,
		0.0,
		0.0,
		0.0,
		0.0,
		0.0,
		0.0,
		0.0,
		0.0,
		0.0,
		0.0,
		0.0,
		0.0,
		0.0,
		0.0,
		0.0,
		0.0,
		0.0,
		0.0,
		0.0,
		0.2783113786141266,
		0.40215883560959154,
		0.5690219632301041,
		0.7883611373269344,
		1.069513196840318,
		1.4207309807062685,
		1.848001488591986,
		2.353734891369772,
		2.9354692584425144,
		3.5847782066365186,
		4.286588627580896,
		5.019102754460169,
		5.754467335440032,
		6.460244190115482,
		7.101621175791048,
		7.644178720819042,
		8.056917663772964,
		8.315182421566028,
		8.403097449220327,
		8.315182421566028,
		8.056917663772964,
		7.644178720819042,
		7.101621175791048,
		6.460244190115482,
		5.754467335440032,
		5.019102754460169,
		4.286588627580896,
		3.5847782066365186,
		2.9354692584425144
	],
	[
		0.0,
		0.0,
		0.0,
		0.0,
		0.0,
		0.0,
		0.0,
		0.0,
		0.0,
		0.0,
		0.0,
		0.0,
		0.0,
		0.0,
		0.0,
		0.0,
		0.0,
		0.0,
		0.0,
		0.0,
		0.0,
		0.21851222236489082,
		0.31574929257408446,
		0.44675950505148354,
		0.6189705394053097,
		0.8397130819943218,
		1.115466731984417,
		1.4509320970514015,
		1.848001488591986,
		2.304741956797356,
		2.8145376467105523,
		3.365554121577784,
		3.9406771746671523,
		4.5180382212707295,
		5.072168885193959,
		5.575736907498847,
		6.001718250824665,
		6.325774364270326,
		6.528547267286042,
		6.59757250142369,
		6.528547267286042,
		6.325774364270326,
		6.001718250824665,
		5.575736907498847,
		5.072168885193959,
		4.5180382212707295,
		3.9406771746671523,
		3.365554121577784,
		2.8145376467105523,
		2.304741956797356
	],
	[
		0.0,
		0.0,
		0.0,
		0.0,
		0.0,
		0.0,
		0.0,
		0.0,
		0.0,
		0.0,
		0.0,
		0.0,
		0.0,
		0.0,
		0.0,
		0.0,
		0.0,
		0.0,
		0.0,
		0.0,
		0.0,
		0.1679907109887183,
		0.2427459094948452,
		0.343465670168505,
		0.4758603425950761,
		0.6455657086091643,
		0.8575632399976575,
		1.115466731984417,
		1.4207309807062685,
		1.771869947491444,
		2.163797408027227,
		2.5874151277942667,
		3.029565821008803,
		3.473437068421961,
		3.8994489555632943,
		4.286588627580896,
		4.614080188275999,
		4.863212325182608,
		5.019102754460169,
		5.072168885193959,
		5.019102754460169,
		4.863212325182608,
		4.614080188275999,
		4.286588627580896,
		3.8994489555632943,
		3.473437068421961,
		3.029565821008803,
		2.5874151277942667,
		2.163797408027227,
		1.771869947491444
	],
	[
		0.0,
		0.0,
		0.0,
		0.0,
		0.0,
		0.0,
		0.0,
		0.0,
		0.0,
		0.0,
		0.0,
		0.0,
		0.0,
		0.0,
		0.0,
		0.0,
		0.0,
		0.0,
		0.0,
		0.0,
		0.0,
		0.12646185997837953,
		0.1827368848919457,
		0.2585577930624196,
		0.35822328306333356,
		0.48597591955223135,
		0.6455657086091643,
		0.8397130819943218,
		1.069513196840318,
		1.3338473769219883,
		1.6288867594226473,
		1.9477822771940878,
		2.2806292466815576,
		2.614771433522836,
		2.9354692584425144,
		3.226904437843914,
		3.473437068421961,
		3.660981446490067,
		3.778334325844165,
		3.8182820203027092,
		3.778334325844165,
		3.660981446490067,
		3.473437068421961,
		3.226904437843914,
		2.9354692584425144,
		2.614771433522836,
		2.2806292466815576,
		1.9477822771940878,
		1.6288867594226473,
		1.3338473769219883
	],
	[
		0.0,
		0.0,
		0.0,
		0.0,
		0.0,
		0.0,
		0.0,
		0.0,
		0.0,
		0.0,
		0.0,
		0.0,
		0.0,
		0.0,
		0.0,
		0.0,
		0.0,
		0.0,
		0.0,
		0.0,
		0.0,
		0.09321775182912498,
		0.13469928078550336,
		0.19058849989474672,
		0.2640540721583658,
		0.35822328306333356,
		0.4758603425950761,
		0.6189705394053097,
		0.7883611373269344,
		0.9832075360990307,
		1.2006873987427293,
		1.4357521308297057,
		1.6811007774814608,
		1.927404156649984,
		2.163797408027227,
		2.3786205351926877,
		2.560345029668213,
		2.6985880168794485,
		2.785091343542001,
		2.8145376467105523,
		2.785091343542001,
		2.6985880168794485,
		2.560345029668213,
		2.3786205351926877,
		2.163797408027227,
		1.927404156649984,
		1.6811007774814608,
		1.4357521308297057,
		1.2006873987427293,
		0.9832075360990307
	],
	[
		0.0,
		0.0,
		0.0,
		0.0,
		0.0,
		0.0,
		0.0,
		0.0,
		0.0,
		0.0,
		0.0,
		0.0,
		0.0,
		0.0,
		0.0,
		0.0,
		0.0,
		0.0,
		0.0,
		0.0,
		0.0,
		0.0,
		0.0,
		0.0,
		0.0,
		0.0,
		0.0,
		0.0,
		0.0,
		0.0,
		0.0,
		0.0,
		0.0,
		0.0,
		0.0,
		0.0,
		0.0,
		0.0,
		0.0,
		0.0,
		0.0,
		0.0,
		0.0,
		0.0,
		0.0,
		0.0,
		0.0,
		0.0,
		0.0,
		0.0
	],
	[
		0.0,
		0.0,
		0.0,
		0.0,
		0.0,
		0.0,
		0.0,
		0.0,
		0.0,
		0.0,
		0.0,
		0.0,
		0.0,
		0.0,
		0.0,
		0.0,
		0.0,
		0.0,
		0.0,
		0.0,
		0.0,
		0.0,
		0.0,
		0.0,
		0.0,
		0.0,
		0.0,
		0.0,
		0.0,
		0.0,
		0.0,
		0.0,
		0.0,
		0.0,
		0.0,
		0.0,
		0.0,
		0.0,
		0.0,
		0.0,
		0.0,
		0.0,
		0.0,
		0.0,
		0.0,
		0.0,
		0.0,
		0.0,
		0.0,
		0.0
	],
	[
		0.0,
		0.0,
		0.0,
		0.0,
		0.0,
		0.0,
		0.0,
		0.0,
		0.0,
		0.0,
		0.0,
		0.0,
		0.0,
		0.0,
		0.0,
		0.0,
		0.0,
		0.0,
		0.0,
		0.0,
		0.0,
		0.0,
		0.0,
		0.0,
		0.0,
		0.0,
		0.0,
		0.0,
		0.0,
		0.0,
		0.0,
		0.0,
		0.0,
		0.0,
		0.0,
		0.0,
		0.0,
		0.0,
		0.0,
		0.0,
		0.0,
		0.0,
		0.0,
		0.0,
		0.0,
		0.0,
		0.0,
		0.0,
		0.0,
		0.0
	],
	[
		0.0,
		0.0,
		0.0,
		0.0,
		0.0,
		0.0,
		0.0,
		0.0,
		0.0,
		0.0,
		0.0,
		0.0,
		0.0,
		0.0,
		0.0,
		0.0,
		0.0,
		0.0,
		0.0,
		0.0,
		0.0,
		0.0,
		0.0,
		0.0,
		0.0,
		0.0,
		0.0,
		0.0,
		0.0,
		0.0,
		0.0,
		0.0,
		0.0,
		0.0,
		0.0,
		0.0,
		0.0,
		0.0,
		0.0,
		0.0,
		0.0,
		0.0,
		0.0,
		0.0,
		0.0,
		0.0,
		0.0,
		0.0,
		0.0,
		0.0
	],
	[
		0.0,
		0.0,
		0.0,
		0.0,
		0.0,
		0.0,
		0.0,
		0.0,
		0.0,
		0.0,
		0.0,
		0.0,
		0.0,
		0.0,
		0.0,
		0.0,
		0.0,
		0.0,
		0.0,
		0.0,
		0.0,
		0.0,
		0.0,
		0.0,
		0.0,
		0.0,
		0.0,
		0.0,
		0.0,
		0.0,
		0.0,
		0.0,
		0.0,
		0.0,
		0.0,
		0.0,
		0.0,
		0.0,
		0.0,
		0.0,
		0.0,
		0.0,
		0.0,
		0.0,
		0.0,
		0.0,
		0.0,
		0.0,
		0.0,
		0.0
	],
	[
		0.0,
		0.0,
		0.0,
		0.0,
		0.0,
		0.0,
		0.0,
		0.0,
		0.0,
		0.0,
		0.0,
		0.0,
		0.0,
		0.0,
		0.0,
		0.0,
		0.0,
		0.0,
		0.0,
		0.0,
		0.0,
		0.0,
		0.0,
		0.0,
		0.0,
		0.0,
		0.0,
		0.0,
		0.0,
		0.0,
		0.0,
		0.0,
		0.0,
		0.0,
		0.0,
		0.0,
		0.0,
		0.0,
		0.0,
		0.0,
		0.0,
		0.0,
		0.0,
		0.0,
		0.0,
		0.0,
		0.0,
		0.0,
		0.0,
		0.0
	],
	[
		0.0,
		0.0,
		0.0,
		0.0,
		0.0,
		0.0,
		0.0,
		0.0,
		0.0,
		0.0,
		0.0,
		0.0,
		0.0,
		0.0,
		0.0,
		0.0,
		0.0,
		0.0,
		0.0,
		0.0,
		0.0,
		0.0,
		0.0,
		0.0,
		0.0,
		0.0,
		0.0,
		0.0,
		0.0,
		0.0,
		0.0,
		0.0,
		0.0,
		0.0,
		0.0,
		0.0,
		0.0,
		0.0,
		0.0,
		0.0,
		0.0,
		0.0,
		0.0,
		0.0,
		0.0,
		0.0,
		0.0,
		0.0,
		0.0,
		0.0
	],
	[
		0.0,
		0.0,
		0.0,
		0.0,
		0.0,
		0.0,
		0.0,
		0.0,
		0.0,
		0.0,
		0.0,
		0.0,
		0.0,
		0.0,
		0.0,
		0.0,
		0.0,
		0.0,
		0.0,
		0.0,
		0.0,
		0.0,
		0.0,
		0.0,
		0.0,
		0.0,
		0.0,
		0.0,
		0.0,
		0.0,
		0.0,
		0.0,
		0.0,
		0.0,
		0.0,
		0.0,
		0.0,
		0.0,
		0.0,
		0.0,
		0.0,
		0.0,
		0.0,
		0.0,
		0.0,
		0.0,
		0.0,
		0.0,
		0.0,
		0.0
	],
	[
		0.0,
		0.0,
		0.0,
		0.0,
		0.0,
		0.0,
		2.484635738537568,
		3.2459510694077456,
		4.150829270894,
		5.195668490734863,
		6.36592703309469,
		7.634762651781678,
		8.962787194316583,
		10.299218937852515,
		11.584549681997096,
		12.754624671862947,
		13.745795254037539,
		14.500591528579388,
		14.973220765495592,
		15.13416266443077,
		14.973220765495592,
		14.500591528579388,
		13.745795254037539,
		12.754624671862947,
		11.584549681997096,
		10.299218937852515,
		8.962787194316583,
		7.634762651781678,
		6.36592703309469,
		5.195668490734863,
		4.150829270894,
		3.2459510694077456,
		0.0,
		0.0,
		0.0,
		0.0,
		0.0,
		0.0,
		0.0,
		0.0,
		0.0,
		0.0,
		0.0,
		0.0,
		0.0,
		0.0,
		0.0,
		0.0,
		0.0,
		0.0
	],
	[
		0.0,
		0.0,
		0.0,
		0.0,
		0.0,
		0.0,
		2.9168243199687423,
		3.8105662225762535,
		4.872842959470567,
		6.09942615620217,
		7.4732446697422805,
		8.962787194316583,
		10.521814227172976,
		12.090710846931913,
		13.59961773238592,
		14.973220765495592,
		16.136799963235894,
		17.02288885588835,
		17.577729322514198,
		17.766666170533775,
		17.577729322514198,
		17.02288885588835,
		16.136799963235894,
		14.973220765495592,
		13.59961773238592,
		12.090710846931913,
		10.521814227172976,
		8.962787194316583,
		7.4732446697422805,
		6.09942615620217,
		4.872842959470567,
		3.8105662225762535,
		0.0,
		0.0,
		0.0,
		0.0,
		0.0,
		0.0,
		0.0,
		0.0,
		0.0,
		0.0,
		0.0,
		0.0,
		0.0,
		0.0,
		0.0,
		0.0,
		0.0,
		0.0
	],
	[
		0.0,
		0.0,
		0.0,
		0.0,
		0.0,
		0.0,
		3.3517489173078028,
		4.378755732188393,
		5.599427432705805,
		7.008905155956944,
		8.58757229878467,
		10.299218937852515,
		12.090710846931913,
		13.893543986605282,
		15.627442385975783,
		17.205861918313406,
		18.542941182747725,
		19.56115385543216,
		20.0,
		20.0,
		20.0,
		19.56115385543216,
		18.542941182747725,
		17.205861918313406,
		15.627442385975783,
		13.893543986605282,
		12.090710846931913,
		10.299218937852515,
		8.58757229878467,
		7.008905155956944,
		5.599427432705805,
		4.378755732188393,
		0.0,
		0.0,
		0.0,
		0.0,
		0.0,
		0.0,
		0.0,
		0.0,
		0.0,
		0.0,
		0.0,
		0.0,
		0.0,
		0.0,
		0.0,
		0.0,
		0.0,
		0.0
	],
	[
		0.0,
		0.0,
		0.0,
		0.0,
		0.0,
		0.0,
		3.7700433487656624,
		4.9252194395474085,
		6.298229572197364,
		7.883608503279254,
		9.65929149999759,
		11.584549681997096,
		13.59961773238592,
		15.627442385975783,
		17.577729322514198,
		19.35313380723646,
		20.0,
		20.0,
		20.0,
		20.0,
		20.0,
		20.0,
		20.0,
		19.35313380723646,
		17.577729322514198,
		15.627442385975783,
		13.59961773238592,
		11.584549681997096,
		9.65929149999759,
		7.883608503279254,
		6.298229572197364,
		4.9252194395474085,
		0.0,
		0.0,
		0.0,
		0.0,
		0.0,
		0.0,
		0.0,
		0.0,
		0.0,
		0.0,
		0.0,
		0.0,
		0.0,
		0.0,
		0.0,
		0.0,
		0.0,
		0.0
	],
	[
		0.0,
		0.0,
		0.0,
		0.0,
		0.0,
		0.0,
		4.150829270894,
		5.422681684003167,
		6.93437004421882,
		8.679877101783,
		10.63490951832548,
		12.754624671862947,
		14.973220765495592,
		17.205861918313406,
		19.35313380723646,
		20.0,
		20.0,
		20.0,
		20.0,
		20.0,
		20.0,
		20.0,
		20.0,
		20.0,
		19.35313380723646,
		17.205861918313406,
		14.973220765495592,
		12.754624671862947,
		10.63490951832548,
		8.679877101783,
		6.93437004421882,
		5.422681684003167,
		0.0,
		0.0,
		0.0,
		0.0,
		0.0,
		0.0,
		0.0,
		0.0,
		0.0,
		0.0,
		0.0,
		0.0,
		0.0,
		0.0,
		0.0,
		0.0,
		0.0,
		0.0
	],
	[
		0.0,
		0.0,
		0.0,
		0.0,
		0.0,
		0.0,
		4.473393044488635,
		5.844081976050794,
		7.4732446697422805,
		9.354396271222544,
		11.46135559022805,
		13.745795254037539,
		16.136799963235894,
		18.542941182747725,
		20.0,
		20.0,
		20.0,
		20.0,
		20.0,
		20.0,
		20.0,
		20.0,
		20.0,
		20.0,
		20.0,
		18.542941182747725,
		16.136799963235894,
		13.745795254037539,
		11.46135559022805,
		9.354396271222544,
		7.4732446697422805,
		5.844081976050794,
		0.0,
		0.0,
		0.0,
		0.0,
		0.0,
		0.0,
		0.0,
		0.0,
		0.0,
		0.0,
		0.0,
		0.0,
		0.0,
		0.0,
		0.0,
		0.0,
		0.0,
		0.0
	],
	[
		0.0,
		0.0,
		0.0,
		0.0,
		0.0,
		0.0,
		4.719031826540888,
		6.1649867489008505,
		7.883608503279254,
		9.868056145068914,
		12.090710846931913,
		14.500591528579388,
		17.02288885588835,
		19.56115385543216,
		20.0,
		20.0,
		20.0,
		20.0,
		20.0,
		20.0,
		20.0,
		20.0,
		20.0,
		20.0,
		20.0,
		19.56115385543216,
		17.02288885588835,
		14.500591528579388,
		12.090710846931913,
		9.868056145068914,
		7.883608503279254,
		6.1649867489008505,
		0.0,
		0.0,
		0.0,
		0.0,
		0.0,
		0.0,
		0.0,
		0.0,
		0.0,
		0.0,
		0.0,
		0.0,
		0.0,
		0.0,
		0.0,
		0.0,
		0.0,
		0.0
	],
	[
		0.0,
		0.0,
		0.0,
		0.0,
		0.0,
		0.0,
		4.872842959470567,
		6.36592703309469,
		8.140565184233083,
		10.189693495965805,
		12.484792938693293,
		14.973220765495592,
		17.577729322514198,
		20.0,
		20.0,
		20.0,
		20.0,
		20.0,
		20.0,
		20.0,
		20.0,
		20.0,
		20.0,
		20.0,
		20.0,
		20.0,
		17.577729322514198,
		14.973220765495592,
		12.484792938693293,
		10.189693495965805,
		8.140565184233083,
		6.36592703309469,
		0.0,
		0.0,
		0.0,
		0.0,
		0.0,
		0.0,
		0.0,
		0.0,
		0.0,
		0.0,
		0.0,
		0.0,
		0.0,
		0.0,
		0.0,
		0.0,
		0.0,
		0.0
	],
	[
		0.0,
		0.0,
		0.0,
		0.0,
		0.0,
		0.0,
		4.9252194395474085,
		6.43435215025786,
		8.228065264521435,
		10.299218937852515,
		12.618987599603932,
		15.13416266443077,
		17.766666170533775,
		20.0,
		20.0,
		20.0,
		20.0,
		20.0,
		20.0,
		20.0,
		20.0,
		20.0,
		20.0,
		20.0,
		20.0,
		20.0,
		17.766666170533775,
		15.13416266443077,
		12.618987599603932,
		10.299218937852515,
		8.228065264521435,
		6.43435215025786,
		0.0,
		0.0,
		0.0,
		0.0,
		0.0,
		0.0,
		0.0,
		0.0,
		0.0,
		0.0,
		0.0,
		0.0,
		0.0,
		0.0,
		0.0,
		0.0,
		0.0,
		0.0
	],
	[
		0.0,
		0.0,
		0.0,
		0.0,
		0.0,
		0.0,
		4.872842959470567,
		6.36592703309469,
		8.140565184233083,
		10.189693495965805,
		12.484792938693293,
		14.973220765495592,
		17.577729322514198,
		20.0,
		20.0,
		20.0,
		20.0,
		20.0,
		20.0,
		20.0,
		20.0,
		20.0,
		20.0,
		20.0,
		20.0,
		20.0,
		17.577729322514198,
		14.973220765495592,
		12.484792938693293,
		10.189693495965805,
		8.140565184233083,
		6.36592703309469,
		0.0,
		0.0,
		0.0,
		0.0,
		0.0,
		0.0,
		0.0,
		0.0,
		0.0,
		0.0,
		0.0,
		0.0,
		0.0,
		0.0,
		0.0,
		0.0,
		0.0,
		0.0
	]
]