[
	[
		0.0,
		0.0,
		0.0,
		0.0,
		0.0,
		0.0,
		0.0,
		0.0,
		0.0,
		0.004689573517461337,
		0.008951647007666281,
		0.016603280268286617,
		0.029923073605724826,
		0.05240103365378179,
		0.08916509118248887,
		0.14742502608685457,
		0.23684756256510373,
		0.36973279786794216,
		0.5608263182811583,
		0.8265899975699135,
		1.183786155529387,
		1.647319041832382,
		2.22742726695237,
		2.9265146063953957,
		3.736106189405289,
		4.634566072113812,
		5.586249073969656,
		6.542637589464524,
		7.445721441354119,
		8.2334538482957,
		8.846646578157909,
		9.236270658571152,
		9.369921994972097,
		9.236270658571152,
		8.846646578157909,
		8.2334538482957,
		7.445721441354119,
		6.542637589464524,
		5.586249073969656,
		4.634566072113812,
		3.736106189405289,
		2.9265146063953957,
		2.22742726695237,
		1.647319041832382,
		1.183786155529387,
		0.8265899975699135,
		0.5608263182811583,
		0.36973279786794216,
		0.23684756256510373,
		0.14742502608685457,
		0.08916509118248887,
		0.05240103365378179,
		0.029923073605724826,
		0.016603280268286617,
		0.008951647007666281,
		20.0,
		20.0,
		20.0,
		20.0,
		20.0,
		20.0,
		19.365774544420315,
		17.489128935649408,
		15.606073264527918,
		13.759772619001039,
		11.987290410104862,
		10.318651631145745,
		8.776412511677757,
		7.375700260734628,
		6.124655202834878,
		5.025186490052318,
		4.073942326180847,
		3.263395597938844,
		0.0,
		0.0,
		0.0,
		0.0,
		0.0,
		0.0,
		0.0,
		0.0,
		0.0,
		0.0,
		0.0,
		0.0,
		0.0,
		0.0,
		0.0,
		0.0,
		0.0,
		0.0,
		0.0,
		0.0,
		0.0,
		0.0,
		0.0,
		0.0,
		0.0,
		0.0,
		0.0
	],
	[
		0.0,
		0.0,
		0.0,
		0.0,
		0.0,
		0.0,
		0.0,
		0.0,
		0.0,
		0.005986898068429202,
		0.011428032417000945,
		0.02119641502530584,
		0.038200998641888924,
		0.06689726603014196,
		0.11383173974863642,
		0.18820871463708538,
		0.3023691193993257,
		0.47201575263688256,
		0.715973422559615,
		1.0552580189665426,
		1.5112689931362282,
		2.1030337093364997,
		2.8436231892794135,
		3.736106189405289,
		4.769663349025707,
		5.916673352455754,
		7.131630129303987,
		8.352594154020611,
		9.505507302386025,
		10.511158159121209,
		11.293984647781151,
		11.791394411324488,
		11.962019080020363,
		11.791394411324488,
		11.293984647781151,
		10.511158159121209,
		9.505507302386025,
		8.352594154020611,
		7.131630129303987,
		5.916673352455754,
		4.769663349025707,
		3.736106189405289,
		2.8436231892794135,
		2.1030337093364997,
		1.5112689931362282,
		1.0552580189665426,
		0.715973422559615,
		0.47201575263688256,
		0.3023691193993257,
		0.18820871463708538,
		0.11383173974863642,
		0.06689726603014196,
		0.038200998641888924,
		0.02119641502530584,
		0.011428032417000945,
		20.0,
		20.0,
		20.0,
		20.0,
		20.0,
		20.0,
		19.955126572489345,
		18.021369646380773,
		16.08100758267495,
		14.178519097752824,
		12.352095540828806,
		10.63267564561542,
		9.04350208772665,
		7.600162437402156,
		6.3110447508870235,
		5.178116280830592,
		4.1979232269531686,
		3.362709405895518,
		0.0,
		0.0,
		0.0,
		0.0,
		0.0,
		0.0,
		0.0,
		0.0,
		0.0,
		0.0,
		0.0,
		0.0,
		0.0,
		0.0,
		0.0,
		0.0,
		0.0,
		0.0,
		0.0,
		0.0,
		0.0,
		0.0,
		0.0,
		0.0,
		0.0,
		0.0,
		0.0
	],
	[
		0.0,
		0.0,
		0.0,
		0.0,
		0.0,
		0.0,
		0.0,
		0.0,
		0.0,
		0.007426629024578756,
		0.014176248914188418,
		0.02629373496002345,
		0.04738758569781071,
		0.08298473965747204,
		0.1412060290108339,
		0.23346920004755892,
		0.37508293152826894,
		0.5855262355437443,
		0.888150915554729,
		1.3090267685370218,
		1.8746993919200325,
		2.608771855961102,
		3.5274585054040593,
		4.634566072113812,
		5.916673352455754,
		7.339516648865972,
		8.846646578157909,
		10.361228380000096,
		11.791394411324488,
		13.038884473098928,
		14.009965299169579,
		14.626992304609981,
		14.838648842329922,
		14.626992304609981,
		14.009965299169579,
		13.038884473098928,
		11.791394411324488,
		10.361228380000096,
		8.846646578157909,
		7.339516648865972,
		5.916673352455754,
		4.634566072113812,
		3.5274585054040593,
		2.608771855961102,
		1.8746993919200325,
		1.3090267685370218,
		0.888150915554729,
		0.5855262355437443,
		0.37508293152826894,
		0.23346920004755892,
		0.1412060290108339,
		0.08298473965747204,
		0.04738758569781071,
		0.02629373496002345,
		0.014176248914188418,
		20.0,
		20.0,
		20.0,
		20.0,
		20.0,
		20.0,
		20.0,
		18.348457656534734,
		16.3728780051067,
		14.435859338234783,
		12.576286178441787,
		10.825658797716475,
		9.207641726430069,
		7.73810544935275,
		6.425590266020766,
		5.272099134735531,
		4.274115568713328,
		3.423742609801929,
		0.0,
		0.0,
		0.0,
		0.0,
		0.0,
		0.0,
		0.0,
		0.0,
		0.0,
		0.0,
		0.0,
		0.0,
		0.0,
		0.0,
		0.0,
		0.0,
		0.0,
		0.0,
		0.0,
		0.0,
		0.0,
		0.0,
		0.0,
		0.0,
		0.0,
		0.0,
		0.0
	],
	[
		0.0,
		0.0,
		0.0,
		0.0,
		0.0,
		0.0,
		0.0,
		0.0,
		0.0,
		0.008951647007666281,
		0.017087264727057634,
		0.03169301079888186,
		0.05711836935821593,
		0.10002520578021053,
		0.1702019210702349,
		0.28141083378087706,
		0.4521041768115203,
		0.7057608717183169,
		1.070527888126539,
		1.5778283144005754,
		2.2596587424005086,
		3.1444690048218464,
		4.251802974143878,
		5.586249073969656,
		7.131630129303987,
		8.846646578157909,
		10.663257462727538,
		12.488850421451552,
		14.212693289110762,
		15.7163486678322,
		16.88683567373061,
		17.63056582756217,
		17.88568488713323,
		17.63056582756217,
		16.88683567373061,
		15.7163486678322,
		14.212693289110762,
		12.488850421451552,
		10.663257462727538,
		8.846646578157909,
		7.131630129303987,
		5.586249073969656,
		4.251802974143878,
		3.1444690048218464,
		2.2596587424005086,
		1.5778283144005754,
		1.070527888126539,
		0.7057608717183169,
		0.4521041768115203,
		0.28141083378087706,
		0.1702019210702349,
		0.10002520578021053,
		0.05711836935821593,
		0.03169301079888186,
		0.017087264727057634,
		20.0,
		20.0,
		20.0,
		20.0,
		20.0,
		20.0,
		20.0,
		18.458800967691182,
		16.471340644640907,
		14.522673202843304,
		12.651917007199,
		10.8907617649277,
		9.263014319323439,
		7.784640596521114,
		6.464232255410803,
		5.303804299614312,
		4.299819095023027,
		3.444332193034742,
		0.0,
		0.0,
		0.0,
		0.0,
		0.0,
		0.0,
		0.0,
		0.0,
		0.0,
		0.0,
		0.0,
		0.0,
		0.0,
		0.0,
		0.0,
		0.0,
		0.0,
		0.0,
		0.0,
		0.0,
		0.0,
		0.0,
		0.0,
		0.0,
		0.0,
		0.0,
		0.0
	],
	[
		0.013588436229859521,
		0.022539252403025435,
		0.03665144494863126,
		0.058428436158655686,
		0.09131434152139489,
		0.1399056612508202,
		0.2101421410702607,
		0.3094372442829221,
		0.4466975642062283,
		0.010484205309226634,
		0.020012673803843677,
		0.037118982886439736,
		0.06689726603014196,
		0.11714992700217797,
		0.19934118079018573,
		0.3295895107428431,
		0.529506246927692,
		0.8265899975699135,
		1.2538066077403858,
		1.847958926074682,
		2.646521490830325,
		3.6828148615353458,
		4.979728900964129,
		6.542637589464524,
		8.352594154020611,
		10.361228380000096,
		12.488850421451552,
		14.626992304609981,
		16.645964068119774,
		18.407051350866453,
		19.777930483065408,
		20.0,
		20.0,
		20.0,
		19.777930483065408,
		18.407051350866453,
		16.645964068119774,
		14.626992304609981,
		12.488850421451552,
		10.361228380000096,
		8.352594154020611,
		6.542637589464524,
		4.979728900964129,
		3.6828148615353458,
		2.646521490830325,
		1.847958926074682,
		1.2538066077403858,
		0.8265899975699135,
		0.529506246927692,
		0.3295895107428431,
		0.19934118079018573,
		0.11714992700217797,
		0.06689726603014196,
		0.037118982886439736,
		0.020012673803843677,
		20.0,
		20.0,
		20.0,
		20.0,
		20.0,
		20.0,
		20.0,
		18.348457656534734,
		16.3728780051067,
		14.435859338234783,
		12.576286178441787,
		10.825658797716475,
		9.207641726430069,
		7.73810544935275,
		6.425590266020766,
		5.272099134735531,
		4.274115568713328,
		3.423742609801929,
		0.0,
		0.0,
		0.0,
		0.0,
		0.0,
		0.0,
		0.0,
		0.0,
		0.0,
		0.0,
		0.0,
		0.0,
		0.0,
		0.0,
		0.0,
		0.0,
		0.0,
		0.0,
		0.0,
		0.0,
		0.0,
		0.0,
		0.0,
		0.0,
		0.0,
		0.0,
		0.0
	],
	[
		0.016407582190988795,
		0.027215393299888542,
		0.044255393721591284,
		0.07055038212987924,
		0.11025901276528247,
		0.1689314058753323,
		0.25373960572623666,
		0.3736351212635164,
		0.5393723659770935,
		0.011931345913484472,
		0.02277503413608765,
		0.042242536435743626,
		0.07613113232049963,
		0.1333201956253512,
		0.22685635321515776,
		0.37508293152826894,
		0.6025942843646243,
		0.9406846679121759,
		1.4268702209024717,
		2.1030337093364997,
		3.011822302523801,
		4.191155815083988,
		5.667083610094011,
		7.445721441354119,
		9.505507302386025,
		11.791394411324488,
		14.212693289110762,
		16.645964068119774,
		18.9436156105589,
		20.0,
		20.0,
		20.0,
		20.0,
		20.0,
		20.0,
		20.0,
		18.9436156105589,
		16.645964068119774,
		14.212693289110762,
		11.791394411324488,
		9.505507302386025,
		7.445721441354119,
		5.667083610094011,
		4.191155815083988,
		3.011822302523801,
		2.1030337093364997,
		1.4268702209024717,
		0.9406846679121759,
		0.6025942843646243,
		0.37508293152826894,
		0.22685635321515776,
		0.1333201956253512,
		0.07613113232049963,
		0.042242536435743626,
		0.02277503413608765,
		20.0,
		20.0,
		20.0,
		20.0,
		20.0,
		20.0,
		19.955126572489345,
		18.021369646380773,
		16.08100758267495,
		14.178519097752824,
		12.352095540828806,
		10.63267564561542,
		9.04350208772665,
		7.600162437402156,
		6.3110447508870235,
		5.178116280830592,
		4.1979232269531686,
		3.362709405895518,
		0.0,
		0.0,
		0.0,
		0.0,
		0.0,
		0.0,
		0.0,
		0.0,
		0.0,
		0.0,
		0.0,
		0.0,
		0.0,
		0.0,
		0.0,
		0.0,
		0.0,
		0.0,
		0.0,
		0.0,
		0.0,
		0.0,
		0.0,
		0.0,
		0.0,
		0.0,
		0.0
	],
	[
		0.01942232709685462,
		0.03221597579625628,
		0.0523869222567662,
		0.08351337708289261,
		0.130518109638342,
		0.19997102459399474,
		0.30036196451592473,
		0.44228719719828663,
		0.6384771623917223,
		0.013193642375756156,
		0.025184556517431834,
		0.046711655400768194,
		0.08418555130170564,
		0.14742502608685457,
		0.2508569960750478,
		0.4147654502449147,
		0.6663467427087354,
		1.0402059572142281,
		1.5778283144005754,
		2.325527636725977,
		3.330463021268704,
		4.634566072113812,
		6.266642087762047,
		8.2334538482957,
		10.511158159121209,
		13.038884473098928,
		15.7163486678322,
		18.407051350866453,
		20.0,
		20.0,
		20.0,
		20.0,
		20.0,
		20.0,
		20.0,
		20.0,
		20.0,
		18.407051350866453,
		15.7163486678322,
		13.038884473098928,
		10.511158159121209,
		8.2334538482957,
		6.266642087762047,
		4.634566072113812,
		3.330463021268704,
		2.325527636725977,
		1.5778283144005754,
		1.0402059572142281,
		0.6663467427087354,
		0.4147654502449147,
		0.2508569960750478,
		0.14742502608685457,
		0.08418555130170564,
		0.046711655400768194,
		0.025184556517431834,
		20.0,
		20.0,
		20.0,
		20.0,
		20.0,
		20.0,
		19.365774544420315,
		17.489128935649408,
		15.606073264527918,
		13.759772619001039,
		11.987290410104862,
		10.318651631145745,
		8.776412511677757,
		7.375700260734628,
		6.124655202834878,
		5.025186490052318,
		4.073942326180847,
		3.263395597938844,
		0.0,
		0.0,
		0.0,
		0.0,
		0.0,
		0.0,
		0.0,
		0.0,
		0.0,
		0.0,
		0.0,
		0.0,
		0.0,
		0.0,
		0.0,
		0.0,
		0.0,
		0.0,
		0.0,
		0.0,
		0.0,
		0.0,
		0.0,
		0.0,
		0.0,
		0.0,
		0.0
	],
	[
		0.022539252403025435,
		0.03738604577405,
		0.060794057142315575,
		0.09691573392383002,
		0.1514638591778607,
		0.23206268611064523,
		0.34856452044767405,
		0.5132661355442459,
		0.7409409719520696,
		0.014176248914188418,
		0.02706019549541551,
		0.05019054142106318,
		0.09045533418611856,
		0.15840461689550633,
		0.2695397614202541,
		0.4456554222268256,
		0.715973422559615,
		1.1176760860660662,
		1.695338276706547,
		2.4987230740489417,
		3.578501784750647,
		4.979728900964129,
		6.733355017677804,
		8.846646578157909,
		11.293984647781151,
		14.009965299169579,
		16.88683567373061,
		19.777930483065408,
		20.0,
		20.0,
		20.0,
		20.0,
		20.0,
		20.0,
		20.0,
		20.0,
		20.0,
		19.777930483065408,
		16.88683567373061,
		14.009965299169579,
		11.293984647781151,
		8.846646578157909,
		6.733355017677804,
		4.979728900964129,
		3.578501784750647,
		2.4987230740489417,
		1.695338276706547,
		1.1176760860660662,
		0.715973422559615,
		0.4456554222268256,
		0.2695397614202541,
		0.15840461689550633,
		0.09045533418611856,
		0.05019054142106318,
		0.02706019549541551,
		20.0,
		20.0,
		20.0,
		20.0,
		20.0,
		20.0,
		18.569807857582415,
		16.77029561541948,
		14.964636775508433,
		13.194222266338034,
		11.49459212891765,
		9.894537277617651,
		8.415686842109553,
		7.072546277082686,
		5.87292132569803,
		4.818642670591094,
		3.906496280152537,
		3.1292644184203255,
		0.0,
		0.0,
		0.0,
		0.0,
		0.0,
		0.0,
		0.0,
		0.0,
		0.0,
		0.0,
		0.0,
		0.0,
		0.0,
		0.0,
		0.0,
		0.0,
		0.0,
		0.0,
		0.0,
		0.0,
		0.0,
		0.0,
		0.0,
		0.0,
		0.0,
		0.0,
		0.0
	],
	[
		0.0256424382069715,
		0.04253332592501618,
		0.06916413311976885,
		0.11025901276528247,
		0.1723172792118159,
		0.2640128866003244,
		0.3965545980363743,
		0.5839321965558065,
		0.8429531179012866,
		0.014800599383951386,
		0.028251980845102144,
		0.05240103365378179,
		0.09443916874866959,
		0.16538107431876356,
		0.28141083378087706,
		0.46528298195041706,
		0.7475063298483335,
		1.1669007853220004,
		1.770004378852191,
		2.608771855961102,
		3.736106189405289,
		5.199046161646355,
		7.029905494028455,
		9.236270658571152,
		11.791394411324488,
		14.626992304609981,
		17.63056582756217,
		20.0,
		20.0,
		20.0,
		20.0,
		20.0,
		20.0,
		20.0,
		20.0,
		20.0,
		20.0,
		20.0,
		17.63056582756217,
		14.626992304609981,
		11.791394411324488,
		9.236270658571152,
		7.029905494028455,
		5.199046161646355,
		3.736106189405289,
		2.608771855961102,
		1.770004378852191,
		1.1669007853220004,
		0.7475063298483335,
		0.46528298195041706,
		0.28141083378087706,
		0.16538107431876356,
		0.09443916874866959,
		0.05240103365378179,
		0.028251980845102144,
		20.0,
		20.0,
		20.0,
		20.0,
		20.0,
		19.250009512331783,
		17.594304445881694,
		15.88932362510395,
		14.178519097752824,
		12.50110745684393,
		10.8907617649277,
		9.37476050095193,
		7.9735965798276744,
		6.701013460178052,
		5.5644068362748635,
		4.565511221898751,
		3.7012814239563294,
		2.9648788663621635,
		0.0,
		0.0,
		0.0,
		0.0,
		0.0,
		0.0,
		0.0,
		0.0,
		0.0,
		0.0,
		0.0,
		0.0,
		0.0,
		0.0,
		0.0,
		0.0,
		0.0,
		0.0,
		0.0,
		0.0,
		0.0,
		0.0,
		0.0,
		0.0,
		0.0,
		0.0,
		0.0
	],
	[
		0.028599648522676796,
		0.04743847531726536,
		0.07714047633205309,
		0.12297461676975369,
		0.1921897434270523,
		0.294460132896948,
		0.44228719719828663,
		0.6512740889838754,
		0.9401665589864598,
		0.015014768063099438,
		0.028660794654863958,
		0.05315929079408328,
		0.0958057290822108,
		0.1677741832276731,
		0.28548292471485326,
		0.47201575263688256,
		0.758322948767971,
		1.183786155529387,
		1.7956168212993597,
		2.646521490830325,
		3.790168657213817,
		5.2742777668255965,
		7.131630129303987,
		9.369921994972097,
		11.962019080020363,
		14.838648842329922,
		17.88568488713323,
		20.0,
		20.0,
		20.0,
		20.0,
		20.0,
		20.0,
		20.0,
		20.0,
		20.0,
		20.0,
		20.0,
		17.88568488713323,
		14.838648842329922,
		11.962019080020363,
		9.369921994972097,
		7.131630129303987,
		5.2742777668255965,
		3.790168657213817,
		2.646521490830325,
		1.7956168212993597,
		1.183786155529387,
		0.758322948767971,
		0.47201575263688256,
		0.28548292471485326,
		0.1677741832276731,
		0.0958057290822108,
		0.05315929079408328,
		0.028660794654863958,
		20.0,
		20.0,
		20.0,
		20.0,
		19.48223576019883,
		18.021369646380773,
		16.471340644640907,
		14.875180934094175,
		13.273569217469012,
		11.70321907241604,
		10.195654364258976,
		8.776412511677757,
		7.464678460763314,
		6.273318488174279,
		5.20925625491863,
		4.274115568713328,
		3.465045597181104,
		2.775644239200312,
		0.0,
		0.0,
		0.0,
		0.0,
		0.0,
		0.0,
		0.0,
		0.0,
		0.0,
		0.0,
		0.0,
		0.0,
		0.0,
		0.0,
		0.0,
		0.0,
		0.0,
		0.0,
		0.0,
		0.0,
		0.0,
		0.0,
		0.0,
		0.0,
		0.0,
		0.0,
		0.0
	],
	[
		0.03127113480274444,
		0.051869691870745596,
		0.08434614964637936,
		0.1344616461028759,
		0.2101421410702607,
		0.32196558298796424,
		0.4836011377604557,
		0.7121094447717076,
		1.0279872908153578,
		0.014800599383951386,
		0.028251980845102144,
		0.05240103365378179,
		0.09443916874866959,
		0.16538107431876356,
		0.28141083378087706,
		0.46528298195041706,
		0.7475063298483335,
		1.1669007853220004,
		1.770004378852191,
		2.608771855961102,
		3.736106189405289,
		5.199046161646355,
		7.029905494028455,
		9.236270658571152,
		11.791394411324488,
		14.626992304609981,
		17.63056582756217,
		20.0,
		20.0,
		20.0,
		20.0,
		20.0,
		20.0,
		20.0,
		20.0,
		20.0,
		20.0,
		20.0,
		17.63056582756217,
		14.626992304609981,
		11.791394411324488,
		9.236270658571152,
		7.029905494028455,
		5.199046161646355,
		3.736106189405289,
		2.608771855961102,
		1.770004378852191,
		1.1669007853220004,
		0.7475063298483335,
		0.46528298195041706,
		0.28141083378087706,
		0.16538107431876356,
		0.09443916874866959,
		0.05240103365378179,
		0.028251980845102144,
		20.0,
		20.0,
		20.0,
		19.250009512331783,
		18.021369646380773,
		16.67004587815232,
		15.236245058431638,
		13.759772619001039,
		12.278256989555544,
		10.825658797716475,
		9.431138106870502,
		8.11831742459377,
		6.904943122986795,
		5.802916707117679,
		4.818642670591094,
		3.953623060680371,
		3.2052208133081126,
		2.567513885837796,
		0.0,
		0.0,
		0.0,
		0.0,
		0.0,
		0.0,
		0.0,
		0.0,
		0.0,
		0.0,
		0.0,
		0.0,
		0.0,
		0.0,
		0.0,
		0.0,
		0.0,
		0.0,
		0.0,
		0.0,
		0.0,
		0.0,
		0.0,
		0.0,
		0.0,
		0.0,
		0.0
	],
	[
		0.03352031993693739,
		0.0556004339946487,
		0.0904127700970834,
		0.14413283768071283,
		0.225256673457529,
		0.3451230477728607,
		0.5183842851195388,
		0.7633281161503477,
		1.1019255647931312,
		0.014176248914188418,
		0.02706019549541551,
		0.05019054142106318,
		0.09045533418611856,
		0.15840461689550633,
		0.2695397614202541,
		0.4456554222268256,
		0.715973422559615,
		1.1176760860660662,
		1.695338276706547,
		2.4987230740489417,
		3.578501784750647,
		4.979728900964129,
		6.733355017677804,
		8.846646578157909,
		11.293984647781151,
		14.009965299169579,
		16.88683567373061,
		19.777930483065408,
		20.0,
		20.0,
		20.0,
		20.0,
		20.0,
		20.0,
		20.0,
		20.0,
		20.0,
		19.777930483065408,
		16.88683567373061,
		14.009965299169579,
		11.293984647781151,
		8.846646578157909,
		6.733355017677804,
		4.979728900964129,
		3.578501784750647,
		2.4987230740489417,
		1.695338276706547,
		1.1176760860660662,
		0.715973422559615,
		0.4456554222268256,
		0.2695397614202541,
		0.15840461689550633,
		0.09045533418611856,
		0.05019054142106318,
		0.02706019549541551,
		19.955126572489345,
		19.365774544420315,
		18.569807857582415,
		17.594304445881694,
		16.471340644640907,
		15.236245058431638,
		13.925766322264787,
		12.576286178441787,
		11.222196612454937,
		9.894537277617651,
		8.619960162468304,
		7.420055988289585,
		6.3110447508870235,
		5.303804299614312,
		4.404188273672521,
		3.613569528332299,
		2.9295378150069498,
		2.3466804495613443,
		0.0,
		0.0,
		0.0,
		0.0,
		0.0,
		0.0,
		0.0,
		0.0,
		0.0,
		0.0,
		0.0,
		0.0,
		0.0,
		0.0,
		0.0,
		0.0,
		0.0,
		0.0,
		0.0,
		0.0,
		0.0,
		0.0,
		0.0,
		0.0,
		0.0,
		0.0,
		0.0
	],
	[
		0.03522526233592997,
		0.058428436158655686,
		0.09501143041532888,
		0.1514638591778607,
		0.23671389265938303,
		0.3626770245285865,
		0.5447508397447485,
		0.8021532369134037,
		1.1579727510814526,
		0.013193642375756156,
		0.025184556517431834,
		0.046711655400768194,
		0.08418555130170564,
		0.14742502608685457,
		0.2508569960750478,
		0.4147654502449147,
		0.6663467427087354,
		1.0402059572142281,
		1.5778283144005754,
		2.325527636725977,
		3.330463021268704,
		4.634566072113812,
		6.266642087762047,
		8.2334538482957,
		10.511158159121209,
		13.038884473098928,
		15.7163486678322,
		18.407051350866453,
		20.0,
		20.0,
		20.0,
		20.0,
		20.0,
		20.0,
		20.0,
		20.0,
		20.0,
		18.407051350866453,
		15.7163486678322,
		13.038884473098928,
		10.511158159121209,
		8.2334538482957,
		6.266642087762047,
		4.634566072113812,
		3.330463021268704,
		2.325527636725977,
		1.5778283144005754,
		1.0402059572142281,
		0.6663467427087354,
		0.4147654502449147,
		0.2508569960750478,
		0.14742502608685457,
		0.08418555130170564,
		0.046711655400768194,
		0.025184556517431834,
		18.021369646380773,
		17.489128935649408,
		16.77029561541948,
		15.88932362510395,
		14.875180934094175,
		13.759772619001039,
		12.576286178441787,
		11.357577772161228,
		10.13470662101562,
		8.93570447233689,
		2.2850320743895436,
		2.8354153923258427,
		3.4663892849904236,
		4.1751705770245815,
		4.954585894527065,
		5.792642806543406,
		6.672404790719488,
		7.572238259742977,
		8.466470595613375,
		9.326459036416969,
		10.122025301481978,
		10.823165486395846,
		11.401905258128282,
		11.834142812025405,
		12.101311289845528,
		12.191701146099833,
		12.101311289845528,
		11.834142812025405,
		11.401905258128282,
		10.823165486395846,
		10.122025301481978,
		9.326459036416969,
		8.466470595613375,
		7.572238259742977,
		6.672404790719488,
		5.792642806543406,
		4.954585894527065,
		4.1751705770245815,
		3.4663892849904236,
		2.8354153923258427,
		0.0,
		0.0,
		0.0,
		0.0,
		0.0
	],
	[
		0.03628957522614447,
		0.06019382081826971,
		0.09788215112549387,
		0.15604026051696998,
		0.24386607920231318,
		0.3736351212635164,
		0.561210201641512,
		0.8263898777035382,
		1.1929602925152039,
		0.011931345913484472,
		0.02277503413608765,
		0.042242536435743626,
		0.07613113232049963,
		0.1333201956253512,
		0.22685635321515776,
		0.37508293152826894,
		0.6025942843646243,
		0.9406846679121759,
		1.4268702209024717,
		2.1030337093364997,
		3.011822302523801,
		4.191155815083988,
		5.667083610094011,
		7.445721441354119,
		9.505507302386025,
		11.791394411324488,
		14.212693289110762,
		16.645964068119774,
		18.9436156105589,
		20.0,
		20.0,
		20.0,
		20.0,
		20.0,
		20.0,
		20.0,
		18.9436156105589,
		16.645964068119774,
		14.212693289110762,
		11.791394411324488,
		9.505507302386025,
		7.445721441354119,
		5.667083610094011,
		4.191155815083988,
		3.011822302523801,
		2.1030337093364997,
		1.4268702209024717,
		0.9406846679121759,
		0.6025942843646243,
		0.37508293152826894,
		0.22685635321515776,
		0.1333201956253512,
		0.07613113232049963,
		0.042242536435743626,
		0.02277503413608765,
		16.08100758267495,
		15.606073264527918,
		14.964636775508433,
		14.178519097752824,
		13.273569217469012,
		12.278256989555544,
		11.222196612454937,
		10.13470662101562,
		9.04350208772665,
		7.9735965798276744,
		2.6715400419346267,
		3.3150194437160985,
		4.052721132266412,
		4.881391164458095,
		5.792642806543406,
		6.7724551352039875,
		7.801026853929713,
		8.853065103419674,
		9.898554800849293,
		10.90400832640714,
		11.834142812025405,
		12.653879261242318,
		13.330511546352087,
		13.835861097374265,
		14.148220514311497,
		14.253899608742852,
		14.148220514311497,
		13.835861097374265,
		13.330511546352087,
		12.653879261242318,
		11.834142812025405,
		10.90400832640714,
		9.898554800849293,
		8.853065103419674,
		7.801026853929713,
		6.7724551352039875,
		5.792642806543406,
		4.881391164458095,
		4.052721132266412,
		3.3150194437160985,
		0.0,
		0.0,
		0.0,
		0.0,
		0.0
	],
	[
		0.03665144494863126,
		0.060794057142315575,
		0.09885820517527162,
		0.15759625133301466,
		0.24629784507047103,
		0.37736090853990034,
		0.5668064363358893,
		0.8346304116267633,
		1.204856166393585,
		0.010484205309226634,
		0.020012673803843677,
		0.037118982886439736,
		0.06689726603014196,
		0.11714992700217797,
		0.19934118079018573,
		0.3295895107428431,
		0.529506246927692,
		0.8265899975699135,
		1.2538066077403858,
		1.847958926074682,
		2.646521490830325,
		3.6828148615353458,
		4.979728900964129,
		6.542637589464524,
		8.352594154020611,
		10.361228380000096,
		12.488850421451552,
		14.626992304609981,
		16.645964068119774,
		18.407051350866453,
		19.777930483065408,
		20.0,
		20.0,
		20.0,
		19.777930483065408,
		18.407051350866453,
		16.645964068119774,
		14.626992304609981,
		12.488850421451552,
		10.361228380000096,
		8.352594154020611,
		6.542637589464524,
		4.979728900964129,
		3.6828148615353458,
		2.646521490830325,
		1.847958926074682,
		1.2538066077403858,
		0.8265899975699135,
		0.529506246927692,
		0.3295895107428431,
		0.19934118079018573,
		0.11714992700217797,
		0.06689726603014196,
		0.037118982886439736,
		0.020012673803843677,
		14.178519097752824,
		13.759772619001039,
		13.194222266338034,
		12.50110745684393,
		11.70321907241604,
		10.825658797716475,
		9.894537277617651,
		8.93570447233689,
		7.9735965798276744,
		7.030267898552766,
		3.077282195661649,
		3.8184905156923565,
		4.668231203180418,
		5.622756119937864,
		6.672404790719488,
		7.801026853929713,
		8.985813676253986,
		10.197631026356696,
		11.401905258128282,
		12.560062794304978,
		13.631462154687101,
		14.575696693834555,
		15.355093016290684,
		15.937192910559917,
		16.29699214893933,
		16.418721335342152,
		16.29699214893933,
		15.937192910559917,
		15.355093016290684,
		14.575696693834555,
		13.631462154687101,
		12.560062794304978,
		11.401905258128282,
		10.197631026356696,
		8.985813676253986,
		7.801026853929713,
		6.672404790719488,
		5.622756119937864,
		4.668231203180418,
		3.8184905156923565,
		0.0,
		0.0,
		0.0,
		0.0,
		0.0
	],
	[
		0.03628957522614447,
		0.06019382081826971,
		0.09788215112549387,
		0.15604026051696998,
		0.24386607920231318,
		0.3736351212635164,
		0.561210201641512,
		0.8263898777035382,
		1.1929602925152039,
		0.008951647007666281,
		0.017087264727057634,
		0.03169301079888186,
		0.05711836935821593,
		0.10002520578021053,
		0.1702019210702349,
		0.28141083378087706,
		0.4521041768115203,
		0.7057608717183169,
		1.070527888126539,
		1.5778283144005754,
		2.2596587424005086,
		3.1444690048218464,
		4.251802974143878,
		5.586249073969656,
		7.131630129303987,
		8.846646578157909,
		10.663257462727538,
		12.488850421451552,
		14.212693289110762,
		15.7163486678322,
		16.88683567373061,
		17.63056582756217,
		17.88568488713323,
		17.63056582756217,
		16.88683567373061,
		15.7163486678322,
		14.212693289110762,
		12.488850421451552,
		10.663257462727538,
		8.846646578157909,
		7.131630129303987,
		5.586249073969656,
		4.251802974143878,
		3.1444690048218464,
		2.2596587424005086,
		1.5778283144005754,
		1.070527888126539,
		0.7057608717183169,
		0.4521041768115203,
		0.28141083378087706,
		0.1702019210702349,
		0.10002520578021053,
		0.05711836935821593,
		0.03169301079888186,
		0.017087264727057634,
		12.352095540828806,
		11.987290410104862,
		11.49459212891765,
		10.8907617649277,
		10.195654364258976,
		9.431138106870502,
		8.619960162468304,
		7.784640596521114,
		6.946467827776679,
		6.124655202834878,
		3.4922812252675626,
		4.333448117177778,
		5.2977839370919,
		6.381035076861154,
		7.572238259742977,
		8.853065103419674,
		10.197631026356696,
		11.572872785524403,
		12.93955416938272,
		14.253899608742852,
		15.469786756272285,
		16.541359768965982,
		17.425864657010834,
		18.086465928760493,
		18.494787312749732,
		18.63293276877615,
		18.494787312749732,
		18.086465928760493,
		17.425864657010834,
		16.541359768965982,
		15.469786756272285,
		14.253899608742852,
		12.93955416938272,
		11.572872785524403,
		10.197631026356696,
		8.853065103419674,
		7.572238259742977,
		6.381035076861154,
		5.2977839370919,
		4.333448117177778,
		0.0,
		0.0,
		0.0,
		0.0,
		0.0
	],
	[
		0.03522526233592997,
		0.058428436158655686,
		0.09501143041532888,
		0.1514638591778607,
		0.23671389265938303,
		0.3626770245285865,
		0.5447508397447485,
		0.8021532369134037,
		1.1579727510814526,
		0.007426629024578756,
		0.014176248914188418,
		0.02629373496002345,
		0.04738758569781071,
		0.08298473965747204,
		0.1412060290108339,
		0.23346920004755892,
		0.37508293152826894,
		0.5855262355437443,
		0.888150915554729,
		1.3090267685370218,
		1.8746993919200325,
		2.608771855961102,
		3.5274585054040593,
		4.634566072113812,
		5.916673352455754,
		7.339516648865972,
		8.846646578157909,
		10.361228380000096,
		11.791394411324488,
		13.038884473098928,
		14.009965299169579,
		14.626992304609981,
		14.838648842329922,
		14.626992304609981,
		14.009965299169579,
		13.038884473098928,
		11.791394411324488,
		10.361228380000096,
		8.846646578157909,
		7.339516648865972,
		5.916673352455754,
		4.634566072113812,
		3.5274585054040593,
		2.608771855961102,
		1.8746993919200325,
		1.3090267685370218,
		0.888150915554729,
		0.5855262355437443,
		0.37508293152826894,
		0.23346920004755892,
		0.1412060290108339,
		0.08298473965747204,
		0.04738758569781071,
		0.02629373496002345,
		0.014176248914188418,
		10.63267564561542,
		10.318651631145745,
		9.894537277617651,
		9.37476050095193,
		8.776412511677757,
		8.11831742459377,
		7.420055988289585,
		6.701013460178052,
		5.979514896991826,
		5.272099134735531,
		3.9046970381970074,
		4.845200296556322,
		5.923417936247543,
		7.134594025526113,
		8.466470595613375,
		9.898554800849293,
		11.401905258128282,
		12.93955416938272,
		14.46763178040092,
		15.937192910559917,
		17.296668461781096,
		18.494787312749732,
		19.483746504131837,
		20.0,
		20.0,
		20.0,
		20.0,
		20.0,
		19.483746504131837,
		18.494787312749732,
		17.296668461781096,
		15.937192910559917,
		14.46763178040092,
		12.93955416938272,
		11.401905258128282,
		9.898554800849293,
		8.466470595613375,
		7.134594025526113,
		5.923417936247543,
		4.845200296556322,
		0.0,
		0.0,
		0.0,
		0.0,
		0.0
	],
	[
		0.03352031993693739,
		0.0556004339946487,
		0.0904127700970834,
		0.14413283768071283,
		0.225256673457529,
		0.3451230477728607,
		0.5183842851195388,
		0.7633281161503477,
		1.1019255647931312,
		0.005986898068429202,
		0.011428032417000945,
		0.02119641502530584,
		0.038200998641888924,
		0.06689726603014196,
		0.11383173974863642,
		0.18820871463708538,
		0.3023691193993257,
		0.47201575263688256,
		0.715973422559615,
		1.0552580189665426,
		1.5112689931362282,
		2.1030337093364997,
		2.8436231892794135,
		3.736106189405289,
		4.769663349025707,
		5.916673352455754,
		7.131630129303987,
		8.352594154020611,
		9.505507302386025,
		10.511158159121209,
		11.293984647781151,
		11.791394411324488,
		11.962019080020363,
		11.791394411324488,
		11.293984647781151,
		10.511158159121209,
		9.505507302386025,
		8.352594154020611,
		7.131630129303987,
		5.916673352455754,
		4.769663349025707,
		3.736106189405289,
		2.8436231892794135,
		2.1030337093364997,
		1.5112689931362282,
		1.0552580189665426,
		0.715973422559615,
		0.47201575263688256,
		0.3023691193993257,
		0.18820871463708538,
		0.11383173974863642,
		0.06689726603014196,
		0.038200998641888924,
		0.02119641502530584,
		0.011428032417000945,
		9.04350208772665,
		8.776412511677757,
		8.415686842109553,
		7.9735965798276744,
		7.464678460763314,
		6.904943122986795,
		6.3110447508870235,
		5.69947125604216,
		5.085808808325431,
		4.484124327759745,
		4.301319725273874,
		5.337355345269948,
		6.525093793701165,
		7.8592960512979655,
		9.326459036416969,
		10.90400832640714,
		12.560062794304978,
		14.253899608742852,
		15.937192910559917,
		17.556025873735827,
		19.053591228305645,
		20.0,
		20.0,
		20.0,
		20.0,
		20.0,
		20.0,
		20.0,
		20.0,
		20.0,
		19.053591228305645,
		17.556025873735827,
		15.937192910559917,
		14.253899608742852,
		12.560062794304978,
		10.90400832640714,
		9.326459036416969,
		7.8592960512979655,
		6.525093793701165,
		5.337355345269948,
		0.0,
		0.0,
		0.0,
		0.0,
		0.0
	],
	[
		0.03127113480274444,
		0.051869691870745596,
		0.08434614964637936,
		0.1344616461028759,
		0.2101421410702607,
		0.32196558298796424,
		0.4836011377604557,
		0.7121094447717076,
		1.0279872908153578,
		0.004689573517461337,
		0.008951647007666281,
		0.016603280268286617,
		0.029923073605724826,
		0.05240103365378179,
		0.08916509118248887,
		0.14742502608685457,
		0.23684756256510373,
		0.36973279786794216,
		0.5608263182811583,
		0.8265899975699135,
		1.183786155529387,
		1.647319041832382,
		2.22742726695237,
		2.9265146063953957,
		3.736106189405289,
		4.634566072113812,
		5.586249073969656,
		6.542637589464524,
		7.445721441354119,
		8.2334538482957,
		8.846646578157909,
		9.236270658571152,
		9.369921994972097,
		9.236270658571152,
		8.846646578157909,
		8.2334538482957,
		7.445721441354119,
		6.542637589464524,
		5.586249073969656,
		4.634566072113812,
		3.736106189405289,
		2.9265146063953957,
		2.22742726695237,
		1.647319041832382,
		1.183786155529387,
		0.8265899975699135,
		0.5608263182811583,
		0.36973279786794216,
		0.23684756256510373,
		0.14742502608685457,
		0.08916509118248887,
		0.05240103365378179,
		0.029923073605724826,
		0.016603280268286617,
		0.008951647007666281,
		7.600162437402156,
		7.375700260734628,
		7.072546277082686,
		6.701013460178052,
		6.273318488174279,
		5.802916707117679,
		5.303804299614312,
		4.7898377125397325,
		4.274115568713328,
		3.7684597128287765,
		4.668231203180418,
		5.792642806543406,
		7.081697803688652,
		8.529710276156171,
		10.122025301481978,
		11.834142812025405,
		13.631462154687101,
		15.469786756272285,
		17.296668461781096,
		19.053591228305645,
		20.0,
		20.0,
		20.0,
		20.0,
		20.0,
		20.0,
		20.0,
		20.0,
		20.0,
		20.0,
		20.0,
		19.053591228305645,
		17.296668461781096,
		15.469786756272285,
		13.631462154687101,
		11.834142812025405,
		10.122025301481978,
		8.529710276156171,
		7.081697803688652,
		5.792642806543406,
		0.0,
		0.0,
		0.0,
		0.0,
		0.0
	],
	[
		0.028599648522676796,
		0.04743847531726536,
		0.07714047633205309,
		0.12297461676975369,
		0.1921897434270523,
		0.294460132896948,
		0.44228719719828663,
		0.6512740889838754,
		0.9401665589864598,
		0.003569325743443709,
		0.006813272889680746,
		0.012637079995983876,
		0.02277503413608765,
		0.03988344733419472,
		0.06786528757660895,
		0.11220805876704303,
		0.18026929297254354,
		0.28141083378087706,
		0.42685583411545225,
		0.6291337467285352,
		0.9010026996976565,
		1.2538066077403858,
		1.695338276706547,
		2.22742726695237,
		2.8436231892794135,
		3.5274585054040593,
		4.251802974143878,
		4.979728900964129,
		5.667083610094011,
		6.266642087762047,
		6.733355017677804,
		7.029905494028455,
		7.131630129303987,
		7.029905494028455,
		6.733355017677804,
		6.266642087762047,
		5.667083610094011,
		4.979728900964129,
		4.251802974143878,
		3.5274585054040593,
		2.8436231892794135,
		2.22742726695237,
		1.695338276706547,
		1.2538066077403858,
		0.9010026996976565,
		0.6291337467285352,
		0.42685583411545225,
		0.28141083378087706,
		0.18026929297254354,
		0.11220805876704303,
		0.06786528757660895,
		0.03988344733419472,
		0.02277503413608765,
		0.012637079995983876,
		0.006813272889680746,
		6.3110447508870235,
		6.124655202834878,
		5.87292132569803,
		5.5644068362748635,
		5.20925625491863,
		4.818642670591094,
		4.404188273672521,
		3.9773992203852497,
		3.549152382831558,
		3.1292644184203255,
		4.99159381012227,
		6.1938920158222235,
		7.572238259742977,
		9.120552766878877,
		10.823165486395846,
		12.653879261242318,
		14.575696693834555,
		16.541359768965982,
		18.494787312749732,
		20.0,
		20.0,
		20.0,
		20.0,
		20.0,
		20.0,
		20.0,
		20.0,
		20.0,
		20.0,
		20.0,
		20.0,
		20.0,
		18.494787312749732,
		16.541359768965982,
		14.575696693834555,
		12.653879261242318,
		10.823165486395846,
		9.120552766878877,
		7.572238259742977,
		6.1938920158222235,
		0.0,
		0.0,
		0.0,
		0.0,
		0.0
	],
	[
		0.0256424382069715,
		0.04253332592501618,
		0.06916413311976885,
		0.11025901276528247,
		0.1723172792118159,
		0.2640128866003244,
		0.3965545980363743,
		0.5839321965558065,
		0.8429531179012866,
		0.002639735245641614,
		0.005038833067590093,
		0.009345895517848332,
		0.016843534227760693,
		0.029496254814834682,
		0.05019054142106318,
		0.08298473965747204,
		0.1333201956253512,
		0.20812056669281978,
		0.3156860626105754,
		0.46528298195041706,
		0.6663467427087354,
		0.9272668653876934,
		1.2538066077403858,
		1.647319041832382,
		2.1030337093364997,
		2.608771855961102,
		3.1444690048218464,
		3.6828148615353458,
		4.191155815083988,
		4.634566072113812,
		4.979728900964129,
		5.199046161646355,
		5.2742777668255965,
		5.199046161646355,
		4.979728900964129,
		4.634566072113812,
		4.191155815083988,
		3.6828148615353458,
		3.1444690048218464,
		2.608771855961102,
		2.1030337093364997,
		1.647319041832382,
		1.2538066077403858,
		0.9272668653876934,
		0.6663467427087354,
		0.46528298195041706,
		0.3156860626105754,
		0.20812056669281978,
		0.1333201956253512,
		0.08298473965747204,
		0.05019054142106318,
		0.029496254814834682,
		0.016843534227760693,
		0.009345895517848332,
		0.005038833067590093,
		5.178116280830592,
		5.025186490052318,
		4.818642670591094,
		4.565511221898751,
		4.274115568713328,
		3.953623060680371,
		3.613569528332299,
		3.263395597938844,
		2.912025577715281,
		2.567513885837796,
		5.258505913229473,
		6.525093793701165,
		7.977143409484581,
		9.608249885897507,
		11.401905258128282,
		13.330511546352087,
		15.355093016290684,
		17.425864657010834,
		19.483746504131837,
		20.0,
		20.0,
		20.0,
		20.0,
		20.0,
		20.0,
		20.0,
		20.0,
		20.0,
		20.0,
		20.0,
		20.0,
		20.0,
		19.483746504131837,
		17.425864657010834,
		15.355093016290684,
		13.330511546352087,
		11.401905258128282,
		9.608249885897507,
		7.977143409484581,
		6.525093793701165,
		0.0,
		0.0,
		0.0,
		0.0,
		0.0
	],
	[
		0.022539252403025435,
		0.03738604577405,
		0.060794057142315575,
		0.09691573392383002,
		0.1514638591778607,
		0.23206268611064523,
		0.34856452044767405,
		0.5132661355442459,
		0.7409409719520696,
		0.0018969501102698183,
		0.0036209748530568893,
		0.006716089260248316,
		0.012103995718297123,
		0.02119641502530584,
		0.03606761444746562,
		0.059633977045183466,
		0.0958057290822108,
		0.14955830611770418,
		0.22685635321515776,
		0.3343587601729295,
		0.47884594833753297,
		0.6663467427087354,
		0.9010026996976565,
		1.183786155529387,
		1.5112689931362282,
		1.8746993919200325,
		2.2596587424005086,
		2.646521490830325,
		3.011822302523801,
		3.330463021268704,
		3.578501784750647,
		3.736106189405289,
		3.790168657213817,
		3.736106189405289,
		3.578501784750647,
		3.330463021268704,
		3.011822302523801,
		2.646521490830325,
		2.2596587424005086,
		1.8746993919200325,
		1.5112689931362282,
		1.183786155529387,
		0.9010026996976565,
		0.6663467427087354,
		0.47884594833753297,
		0.3343587601729295,
		0.22685635321515776,
		0.14955830611770418,
		0.0958057290822108,
		0.059633977045183466,
		0.03606761444746562,
		0.02119641502530584,
		0.012103995718297123,
		0.006716089260248316,
		0.0036209748530568893,
		0.0,
		0.0,
		0.0,
		0.0,
		0.0,
		0.0,
		0.0,
		0.0,
		0.0,
		0.0,
		5.45785187178912,
		6.7724551352039875,
		8.279550847219088,
		9.97249132922576,
		11.834142812025405,
		13.835861097374265,
		15.937192910559917,
		18.086465928760493,
		20.0,
		20.0,
		20.0,
		20.0,
		20.0,
		20.0,
		20.0,
		20.0,
		20.0,
		20.0,
		20.0,
		20.0,
		20.0,
		20.0,
		20.0,
		18.086465928760493,
		15.937192910559917,
		13.835861097374265,
		11.834142812025405,
		9.97249132922576,
		8.279550847219088,
		6.7724551352039875,
		0.0,
		0.0,
		0.0,
		0.0,
		0.0
	],
	[
		0.01942232709685462,
		0.03221597579625628,
		0.0523869222567662,
		0.08351337708289261,
		0.130518109638342,
		0.19997102459399474,
		0.30036196451592473,
		0.44228719719828663,
		0.6384771623917223,
		0.0013245635452941837,
		0.002528380299945746,
		0.004689573517461337,
		0.008451730698691293,
		0.014800599383951386,
		0.025184556517431834,
		0.04163999444546535,
		0.06689726603014196,
		0.1044305167051977,
		0.15840461689550633,
		0.23346920004755892,
		0.3343587601729295,
		0.46528298195041706,
		0.6291337467285352,
		0.8265899975699135,
		1.0552580189665426,
		1.3090267685370218,
		1.5778283144005754,
		1.847958926074682,
		2.1030337093364997,
		2.325527636725977,
		2.4987230740489417,
		2.608771855961102,
		2.646521490830325,
		2.608771855961102,
		2.4987230740489417,
		2.325527636725977,
		2.1030337093364997,
		1.847958926074682,
		1.5778283144005754,
		1.3090267685370218,
		1.0552580189665426,
		0.8265899975699135,
		0.6291337467285352,
