[
	[
		0.0,
		0.0,
		0.0,
		0.0,
		0.0,
		0.0,
		0.0,
		0.0,
		0.0,
		0.0,
		0.0,
		0.0,
		0.0,
		0.0,
		0.0,
		0.0,
		0.0,
		0.0,
		0.0,
		0.0,
		0.0,
		0.0,
		0.0,
		0.0,
		0.0,
		0.0,
		0.0,
		0.0,
		0.0,
		0.0,
		0.0,
		0.0,
		0.0,
		0.0,
		0.0,
		0.0,
		0.0,
		0.0,
		0.0,
		0.0,
		0.0,
		0.0,
		0.0,
		0.0,
		0.0,
		0.0,
		0.0,
		0.0,
		0.0,
		0.0
	],
	[
		0.0,
		0.0,
		0.0,
		0.0,
		0.0,
		0.0,
		0.0,
		0.0,
		0.0,
		0.0,
		0.0,
		0.0,
		0.0,
		0.0,
		0.0,
		0.0,
		0.0,
		0.0,
		0.0,
		0.0,
		0.0,
		0.0,
		0.0,
		0.0,
		0.0,
		0.0,
		0.0,
		0.0,
		0.0,
		0.0,
		0.0,
		0.0,
		0.0,
		0.0,
		0.0,
		0.0,
		0.0,
		0.0,
		0.0,
		0.0,
		0.0,
		0.0,
		0.0,
		0.0,
		0.0,
		0.0,
		0.0,
		0.0,
		0.0,
		0.0
	],
	[
		0.0,
		0.0,
		0.0,
		0.0,
		0.0,
		0.0,
		0.0,
		0.0,
		0.0,
		0.0,
		0.0,
		0.0,
		0.0,
		0.0,
		0.0,
		0.0,
		0.0,
		0.0,
		0.0,
		0.0,
		0.0,
		0.0,
		0.0,
		0.0,
		0.0,
		0.0,
		0.0,
		0.0,
		0.0,
		0.0,
		0.0,
		0.0,
		0.0,
		0.0,
		0.0,
		0.0,
		0.0,
		0.0,
		0.0,
		0.0,
		0.0,
		0.0,
		0.0,
		0.0,
		0.0,
		0.0,
		0.0,
		0.0,
		0.0,
		0.0
	],
	[
		0.0,
		0.0,
		0.0,
		0.0,
		0.0,
		0.0,
		0.0,
		0.0,
		0.0,
		0.0,
		0.0,
		0.0,
		0.0,
		0.0,
		0.0,
		0.0,
		0.0,
		0.0,
		0.0,
		0.0,
		0.0,
		0.0,
		0.0,
		0.0,
		0.0,
		0.0,
		0.0,
		0.0,
		0.0,
		0.0,
		0.0,
		0.0,
		0.0,
		0.0,
		1.6585568706550193,
		2.262786364550103,
		3.0113669766080644,
		3.90922582529212,
		4.950223185910634,
		6.114567533281559,
		7.367389947480941,
		8.65901542975263,
		9.927280998513673,
		11.101944751940843,
		12.110853582762045,
		12.887165050217101,
		13.376637958080009,
		13.543892571873375,
		13.376637958080009,
		12.887165050217101
	],
	[
		0.0,
		0.0,
		0.0,
		0.0,
		0.0,
		0.0,
		0.0,
		0.0,
		0.0,
		0.0,
		0.0,
		0.0,
		0.0,
		0.0,
		0.0,
		0.0,
		0.0,
		0.0,
		0.0,
		0.0,
		0.0,
		0.0,
		0.0,
		0.0,
		0.0,
		0.0,
		0.0,
		0.0,
		0.0,
		0.0,
		0.0,
		0.0,
		0.0,
		0.0,
		1.9983809402185855,
		2.7264118720979256,
		3.6283702274740626,
		4.710192649100281,
		5.964481435384897,
		7.367389947480941,
		8.876904923006572,
		10.433173382256326,
		11.96129568218482,
		13.376637958080009,
		14.592263550185903,
		15.527634575252181,
		16.117396281427684,
		16.318919930258776,
		16.117396281427684,
		15.527634575252181
	],
	[
		0.0,
		0.0,
		0.0,
		0.0,
		0.0,
		0.0,
		0.0,
		0.0,
		0.0,
		0.0,
		0.0,
		0.0,
		0.0,
		0.0,
		0.0,
		0.0,
		0.0,
		0.0,
		0.0,
		0.0,
		0.0,
		0.0,
		0.0,
		0.0,
		0.0,
		0.0,
		0.0,
		0.0,
		0.0,
		0.0,
		0.0,
		0.0,
		0.0,
		0.0,
		2.348730217788035,
		3.2043970302438995,
		4.264483624257657,
		5.535967434384572,
		7.010153819417408,
		8.65901542975263,
		10.433173382256326,
		12.26228147854877,
		14.05830892761222,
		15.721784146478306,
		17.15052903902281,
		18.249886097130176,
		18.943042798493188,
		19.179896880756765,
		18.943042798493188,
		18.249886097130176
	],
	[
		0.0,
		0.0,
		0.0,
		0.0,
		0.0,
		0.0,
		0.0,
		0.0,
		0.0,
		0.0,
		0.0,
		0.0,
		0.0,
		0.0,
		0.0,
		0.0,
		0.0,
		0.0,
		0.0,
		0.0,
		0.0,
		0.0,
		0.0,
		0.0,
		0.0,
		0.0,
		0.0,
		0.0,
		0.0,
		0.0,
		0.0,
		0.0,
		0.0,
		0.0,
		2.6927431935928725,
		3.673737506083031,
		4.889092483436676,
		6.346807528592944,
		8.036914516752232,
		9.927280998513673,
		11.96129568218482,
		14.05830892761222,
		16.117396281427684,
		18.02451679249708,
		19.66252657993151,
		20.0,
		20.0,
		20.0,
		20.0,
		20.0
	],
	[
		0.0,
		0.0,
		0.0,
		0.0,
		0.0,
		0.0,
		0.0,
		0.0,
		0.0,
		0.0,
		0.0,
		0.0,
		0.0,
		0.0,
		0.0,
		0.0,
		0.0,
		0.0,
		0.0,
		0.0,
		0.0,
		0.0,
		0.0,
		0.0,
		0.0,
		0.0,
		0.0,
		0.0,
		0.0,
		0.0,
		0.0,
		0.0,
		0.0,
		0.0,
		3.0113669766080644,
		4.108439242504895,
		5.467603329287231,
		7.097805183936137,
		8.98789718498082,
		11.101944751940843,
		13.376637958080009,
		15.721784146478306,
		18.02451679249708,
		20.0,
		20.0,
		20.0,
		20.0,
		20.0,
		20.0,
		20.0
	],
	[
		0.0,
		0.0,
		0.0,
		0.0,
		0.0,
		0.0,
		0.0,
		0.0,
		0.0,
		0.0,
		0.0,
		0.0,
		0.0,
		0.0,
		0.0,
		0.0,
		0.0,
		0.0,
		0.0,
		0.0,
		0.0,
		0.0,
		0.0,
		0.0,
		0.0,
		0.0,
		0.0,
		0.0,
		0.0,
		0.0,
		0.0,
		0.0,
		0.0,
		0.0,
		3.2850302674483545,
		4.4818009124889695,
		5.964481435384897,
		7.742830761843989,
		9.804688210612156,
		12.110853582762045,
		14.592263550185903,
		17.15052903902281,
		19.66252657993151,
		20.0,
		20.0,
		20.0,
		20.0,
		20.0,
		20.0,
		20.0
	],
	[
		0.0,
		0.0,
		0.0,
		0.0,
		0.0,
		0.0,
		0.0,
		0.0,
		0.0,
		0.0,
		0.0,
		0.0,
		0.0,
		0.0,
		0.0,
		0.0,
		0.0,
		0.0,
		0.0,
		0.0,
		0.0,
		0.0,
		0.0,
		0.0,
		0.0,
		0.0,
		0.0,
		0.0,
		0.0,
		0.0,
		0.0,
		0.0,
		0.0,
		0.0,
		3.495602268020382,
		4.769086479888441,
		6.346807528592944,
		8.23914989161522,
		10.433173382256326,
		12.887165050217101,
		15.527634575252181,
		18.249886097130176,
		20.0,
		20.0,
		20.0,
		20.0,
		20.0,
		20.0,
		20.0,
		20.0
	],
	[
		0.0,
		0.0,
		0.0,
		0.0,
		0.0,
		0.0,
		0.0,
		0.0,
		0.0,
		0.0,
		0.0,
		0.0,
		0.0,
		0.0,
		0.0,
		0.0,
		0.0,
		0.0,
		0.0,
		0.0,
		0.0,
		0.0,
		0.0,
		0.0,
		0.0,
		0.0,
		0.0,
		0.0,
		0.0,
		0.0,
		0.0,
		0.0,
		0.0,
		0.0,
		7.839131015569892,
		8.740299227718413,
		9.604694646825283,
		10.402547471480462,
		11.10439068939818,
		11.682845762577957,
		12.11438679391088,
		12.380925535503968,
		12.471068655760984,
		12.380925535503968,
		12.11438679391088,
		11.682845762577957,
		11.10439068939818,
		10.402547471480462,
		9.604694646825283,
		8.740299227718413
	],
	[
		0.0,
		0.0,
		0.0,
		0.0,
		0.0,
		0.0,
		0.0,
		0.0,
		0.0,
		0.0,
		0.0,
		0.0,
		0.0,
		0.0,
		0.0,
		0.0,
		0.0,
		0.0,
		0.0,
		0.0,
		0.0,
		0.0,
		0.0,
		0.0,
		0.0,
		0.0,
		0.0,
		0.0,
		0.0,
		0.0,
		0.0,
		0.0,
		0.0,
		0.0,
		9.129135484468188,
		10.178599600664203,
		11.185239606744853,
		12.11438679391088,
		12.931725069352394,
		13.605370493092293,
		14.107925755189667,
		14.418326012441403,
		14.523303050863712,
		14.418326012441403,
		14.107925755189667,
		13.605370493092293,
		12.931725069352394,
		12.11438679391088,
		11.185239606744853,
		10.178599600664203
	],
	[
		0.0,
		0.0,
		0.0,
		0.0,
		0.0,
		0.0,
		0.0,
		0.0,
		0.0,
		0.0,
		0.0,
		0.0,
		0.0,
		0.0,
		0.0,
		0.0,
		0.0,
		0.0,
		0.0,
		0.0,
		0.0,
		0.0,
		0.0,
		0.0,
		0.0,
		0.0,
		0.0,
		0.0,
		0.0,
		0.0,
		0.0,
		0.0,
		0.0,
		0.0,
		10.478286404326147,
		11.682845762577957,
		12.838252241944074,
		13.904713612296582,
		14.842842370913983,
		15.616042604048815,
		16.192868085411934,
		16.54914090018106,
		16.669631988996464,
		16.54914090018106,
		16.192868085411934,
		15.616042604048815,
		14.842842370913983,
		13.904713612296582,
		12.838252241944074,
		11.682845762577957
	],
	[
		0.0,
		0.0,
		0.0,
		0.0,
		0.0,
		0.0,
		0.0,
		0.0,
		0.0,
		0.0,
		0.0,
		0.0,
		0.0,
		0.0,
		0.0,
		0.0,
		0.0,
		0.0,
		0.0,
		0.0,
		0.0,
		0.0,
		0.0,
		0.0,
		0.0,
		0.0,
		0.0,
		0.0,
		0.0,
		0.0,
		0.0,
		0.0,
		0.0,
		0.0,
		11.853586145206432,
		13.216246752971202,
		14.523303050863712,
		15.729739984939986,
		16.79100035008669,
		17.66568493278463,
		18.31822011556651,
		18.721254575410768,
		18.857560403090133,
		18.721254575410768,
		18.31822011556651,
		17.66568493278463,
		16.79100035008669,
		15.729739984939986,
		14.523303050863712,
		13.216246752971202
	],
	[
		0.0,
		0.0,
		0.0,
		0.0,
		0.0,
		0.0,
		0.0,
		0.0,
		0.0,
		0.0,
		0.0,
		0.0,
		0.0,
		0.0,
		0.0,
		0.0,
		0.0,
		0.0,
		0.0,
		0.0,
		0.0,
		0.0,
		0.0,
		0.0,
		0.0,
		0.0,
		0.0,
		0.0,
		0.0,
		0.0,
		0.0,
		0.0,
		0.0,
		0.0,
		13.216246752971202,
		14.735555644994216,
		16.192868085411934,
		17.53799419470318,
		18.721254575410768,
		19.696490857017448,
		20.0,
		20.0,
		20.0,
		20.0,
		20.0,
		19.696490857017448,
		18.721254575410768,
		17.53799419470318,
		16.192868085411934,
		14.735555644994216
	],
	[
		0.0,
		0.0,
		0.0,
		0.0,
		0.0,
		0.0,
		0.0,
		0.0,
		0.0,
		0.0,
		0.0,
		0.0,
		0.0,
		0.0,
		0.0,
		0.0,
		0.0,
		0.0,
		0.0,
		0.0,
		0.0,
		0.0,
		0.0,
		0.0,
		0.0,
		0.0,
		0.0,
		0.0,
		0.0,
		0.0,
		0.0,
		0.0,
		0.0,
		0.0,
		14.523303050863712,
		16.192868085411934,
		17.794305362392414,
		19.272461339048498,
		20.0,
		20.0,
		20.0,
		20.0,
		20.0,
		20.0,
		20.0,
		20.0,
		20.0,
		19.272461339048498,
		17.794305362392414,
		16.192868085411934
	],
	[
		0.0,
		0.0,
		0.0,
		0.0,
		0.0,
		0.0,
		0.0,
		0.0,
		0.0,
		0.0,
		0.0,
		0.0,
		0.0,
		0.0,
		0.0,
		0.0,
		0.0,
		0.0,
		0.0,
		0.0,
		0.0,
		0.0,
		0.0,
		0.0,
		0.0,
		0.0,
		0.0,
		0.0,
		0.0,
		0.0,
		0.0,
		0.0,
		0.0,
		0.0,
		15.729739984939986,
		17.53799419470318,
		19.272461339048498,
		20.0,
		20.0,
		20.0,
		20.0,
		20.0,
		20.0,
		20.0,
		20.0,
		20.0,
		20.0,
		20.0,
		19.272461339048498,
		17.53799419470318
	],
	[
		0.0,
		0.0,
		0.0,
		0.0,
		0.0,
		0.0,
		0.0,
		0.0,
		0.0,
		0.0,
		0.0,
		0.0,
		0.0,
		0.0,
		0.0,
		0.0,
		0.0,
		0.0,
		0.0,
		0.0,
		0.0,
		0.0,
		0.0,
		0.0,
		0.0,
		0.0,
		0.0,
		0.0,
		0.0,
		0.0,
		0.0,
		0.0,
		0.0,
		0.0,
		16.79100035008669,
		18.721254575410768,
		20.0,
		20.0,
		20.0,
		20.0,
		20.0,
		20.0,
		20.0,
		20.0,
		20.0,
		20.0,
		20.0,
		20.0,
		20.0,
		18.721254575410768
	],
	[
		0.0,
		0.0,
		0.0,
		0.0,
		0.0,
		0.0,
		0.0,
		0.0,
		0.0,
		0.0,
		0.0,
		0.0,
		0.0,
		0.0,
		0.0,
		0.0,
		0.0,
		0.0,
		0.0,
		0.0,
		0.0,
		0.0,
		0.0,
		0.0,
		0.0,
		0.0,
		0.0,
		0.0,
		0.0,
		0.0,
		0.0,
		0.0,
		0.0,
		0.0,
		17.66568493278463,
		19.696490857017448,
		20.0,
		20.0,
		20.0,
		20.0,
		20.0,
		20.0,
		20.0,
		20.0,
		20.0,
		20.0,
		20.0,
		20.0,
		20.0,
		19.696490857017448
	],
	[
		0.0,
		0.0,
		0.0,
		0.0,
		0.0,
		0.0,
		0.0,
		0.0,
		0.0,
		0.0,
		0.0,
		0.0,
		0.0,
		0.0,
		0.0,
		0.0,
		0.0,
		0.0,
		0.0,
		0.0,
		0.0,
		3.861985954926808,
		4.543218275844666,
		5.262561574859889,
		6.002213689178691,
		6.740721600051241,
		7.453873245630133,
		8.115929967088324,
		8.701121907348618,
		9.18529039029869,
		9.547533777255767,
		9.771701479286964,
		9.847587616513115,
		9.771701479286964,
		9.547533777255767,
		9.18529039029869,
		8.701121907348618,
		8.115929967088324,
		7.453873245630133,
		6.740721600051241,
		6.002213689178691,
		5.262561574859889,
		4.543218275844666,
		20.0,
		20.0,
		20.0,
		20.0,
		20.0,
		20.0,
		20.0
	],
	[
		0.0,
		0.0,
		0.0,
		0.0,
		0.0,
		0.0,
		0.0,
		0.0,
		0.0,
		0.0,
		0.0,
		0.0,
		0.0,
		0.0,
		0.0,
		0.0,
		0.0,
		0.0,
		0.0,
		0.0,
		0.0,
		4.614056706964953,
		5.427950024034748,
		6.287375928781309,
		7.171065522354199,
		8.053388093973375,
		8.905416602561969,
		9.696400125466388,
		10.395550466335772,
		10.974004365995063,
		11.406789867716203,
		11.674611268703552,
		11.765275228780183,
		11.674611268703552,
		11.406789867716203,
		10.974004365995063,
		10.395550466335772,
		9.696400125466388,
		8.905416602561969,
		8.053388093973375,
		7.171065522354199,
		6.287375928781309,
		5.427950024034748,
		20.0,
		20.0,
		20.0,
		20.0,
		20.0,
		20.0,
		20.0
	],
	[
		0.0,
		0.0,
		0.0,
		0.0,
		0.0,
		0.0,
		0.0,
		0.0,
		0.0,
		0.0,
		0.0,
		0.0,
		0.0,
		0.0,
		0.0,
		0.0,
		0.0,
		0.0,
		0.0,
		0.0,
		0.0,
		5.427950024034748,
		6.385409485528156,
		7.396433223767753,
		8.43600062731368,
		9.473959874021107,
		10.476281357563048,
		11.406789867716203,
		12.229266345692157,
		12.909756217829852,
		13.418882616498319,
		13.733946186855373,
		13.8406027529817,
		13.733946186855373,
		13.418882616498319,
		12.909756217829852,
		12.229266345692157,
		11.406789867716203,
		10.476281357563048,
		9.473959874021107,
		8.43600062731368,
		7.396433223767753,
		6.385409485528156,
		20.0,
		20.0,
		20.0,
		20.0,
		20.0,
		20.0,
		20.0
	],
	[
		0.0,
		0.0,
		0.0,
		0.0,
		0.0,
		0.0,
		0.0,
		0.0,
		0.0,
		0.0,
		0.0,
		0.0,
		0.0,
		0.0,
		0.0,
		0.0,
		0.0,
		0.0,
		0.0,
		0.0,
		0.0,
		6.287375928781309,
		7.396433223767753,
		8.567535810764127,
		9.771701479286964,
		10.974004365995063,
		12.135026840523585,
		13.212865947803035,
		14.16556794150543,
		14.953802104110647,
		15.543540227991862,
		15.908488891764998,
		16.03203275704375,
		15.908488891764998,
		15.543540227991862,
		14.953802104110647,
		14.16556794150543,
		13.212865947803035,
		12.135026840523585,
		10.974004365995063,
		9.771701479286964,
		8.567535810764127,
		7.396433223767753,
		20.0,
		20.0,
		20.0,
		20.0,
		20.0,
		20.0,
		20.0
	],
	[
		0.0,
		0.0,
		0.0,
		0.0,
		0.0,
		0.0,
		0.0,
		0.0,
		0.0,
		0.0,
		0.0,
		0.0,
		0.0,
		0.0,
		0.0,
		0.0,
		0.0,
		0.0,
		0.0,
		0.0,
		0.0,
		7.171065522354199,
		8.43600062731368,
		9.771701479286964,
		11.145112423146411,
		12.516398771530948,
		13.8406027529817,
		15.069931959380037,
		16.156536052646263,
		17.05555638975145,
		17.72818210440347,
		18.144424239414484,
		18.28533217347698,
		18.144424239414484,
		17.72818210440347,
		17.05555638975145,
		16.156536052646263,
		15.069931959380037,
		13.8406027529817,
		12.516398771530948,
		11.145112423146411,
		9.771701479286964,
		8.43600062731368,
		20.0,
		20.0,
		20.0,
		20.0,
		20.0,
		20.0,
		20.0
	],
	[
		0.0,
		0.0,
		0.0,
		0.0,
		0.0,
		0.0,
		0.0,
		0.0,
		0.0,
		0.0,
		0.0,
		0.0,
		0.0,
		0.0,
		0.0,
		0.0,
		0.0,
		0.0,
		0.0,
		0.0,
		0.0,
		8.053388093973375,
		9.473959874021107,
		10.974004365995063,
		12.516398771530948,
		14.056407172943908,
		15.543540227991862,
		16.92412518618534,
		18.144424239414484,
		19.154059370555494,
		19.909444453175762,
		20.0,
		20.0,
		20.0,
		19.909444453175762,
		19.154059370555494,
		18.144424239414484,
		16.92412518618534,
		15.543540227991862,
		14.056407172943908,
		12.516398771530948,
		10.974004365995063,
		9.473959874021107,
		20.0,
		20.0,
		20.0,
		20.0,
		20.0,
		20.0,
		19.696490857017448
	],
	[
		0.0,
		0.0,
		0.0,
		0.0,
		0.0,
		0.0,
		0.0,
		0.0,
		0.0,
		0.0,
		0.0,
		0.0,
		0.0,
		0.0,
		0.0,
		0.0,
		0.0,
		0.0,
		0.0,
		0.0,
		0.0,
		8.905416602561969,
		10.476281357563048,
		12.135026840523585,
		13.8406027529817,
		15.543540227991862,
		17.188008275986878,
		18.71465570244632,
		20.0,
		20.0,
		20.0,
		20.0,
		20.0,
		20.0,
		20.0,
		20.0,
		20.0,
		18.71465570244632,
		17.188008275986878,
		15.543540227991862,
		13.8406027529817,
		12.135026840523585,
		10.476281357563048,
		20.0,
		20.0,
		20.0,
		20.0,
		20.0,
		20.0,
		18.721254575410768
	],
	[
		0.0,
		0.0,
		0.0,
		0.0,
		0.0,
		0.0,
		0.0,
		0.0,
		0.0,
		0.0,
		0.0,
		0.0,
		0.0,
		0.0,
		0.0,
		0.0,
		0.0,
		0.0,
		0.0,
		0.0,
		0.0,
		9.696400125466388,
		11.406789867716203,
		13.212865947803035,
		15.069931959380037,
		16.92412518618534,
		18.71465570244632,
		20.0,
		20.0,
		20.0,
		20.0,
		20.0,
		20.0,
		20.0,
		20.0,
		20.0,
		20.0,
		20.0,
		18.71465570244632,
		16.92412518618534,
		15.069931959380037,
		13.212865947803035,
		11.406789867716203,
		20.0,
		20.0,
		20.0,
		20.0,
		20.0,
		19.272461339048498,
		17.53799419470318
	],
	[
		0.0,
		0.0,
		0.0,
		0.0,
		0.0,
		0.0,
		0.0,
		0.0,
		0.0,
		0.0,
		0.0,
		0.0,
		0.0,
		0.0,
		0.0,
		0.0,
		0.0,
		0.0,
		0.0,
		0.0,
		0.0,
		10.395550466335772,
		12.229266345692157,
		14.16556794150543,
		16.156536052646263,
		18.144424239414484,
		20.0,
		20.0,
		20.0,
		20.0,
		20.0,
		20.0,
		20.0,
		20.0,
		20.0,
		20.0,
		20.0,
		20.0,
		20.0,
		18.144424239414484,
		16.156536052646263,
		14.16556794150543,
		12.229266345692157,
		20.0,
		20.0,
		20.0,
		20.0,
		19.272461339048498,
		17.794305362392414,
		16.192868085411934
	],
	[
		0.0,
		0.0,
		0.0,
		0.0,
		0.0,
		0.0,
		0.0,
		0.0,
		0.0,
		0.0,
		0.0,
		0.0,
		0.0,
		0.0,
		0.0,
		0.0,
		0.0,
		0.0,
		0.0,
		0.0,
		0.0,
		10.974004365995063,
		12.909756217829852,
		14.953802104110647,
		17.05555638975145,
		19.154059370555494,
		20.0,
		20.0,
		20.0,
		20.0,
		20.0,
		20.0,
		20.0,
		20.0,
		20.0,
		20.0,
		20.0,
		20.0,
		20.0,
		19.154059370555494,
		17.05555638975145,
		14.953802104110647,
		12.909756217829852,
		20.0,
		20.0,
		19.696490857017448,
		18.721254575410768,
		17.53799419470318,
		16.192868085411934,
		14.735555644994216
	],
	[
		0.0,
		0.0,
		0.0,
		0.0,
		0.0,
		0.0,
		0.0,
		0.0,
		0.0,
		0.0,
		0.0,
		0.0,
		0.0,
		0.0,
		0.0,
		0.0,
		0.0,
		0.0,
		0.0,
		0.0,
		0.0,
		11.406789867716203,
		13.418882616498319,
		15.543540227991862,
		17.72818210440347,
		19.909444453175762,
		20.0,
		20.0,
		20.0,
		20.0,
		20.0,
		20.0,
		20.0,
		20.0,
		20.0,
		20.0,
		20.0,
		20.0,
		20.0,
		19.909444453175762,
		17.72818210440347,
		15.543540227991862,
		13.418882616498319,
		18.721254575410768,
		18.31822011556651,
		17.66568493278463,
		16.79100035008669,
		15.729739984939986,
		14.523303050863712,
		13.216246752971202
	],
	[
		0.0,
		0.0,
		0.0,
		0.0,
		0.0,
		0.0,
		0.0,
		0.0,
		0.0,
		0.0,
		0.0,
		0.0,
		0.0,
		0.0,
		0.0,
		0.0,
		0.0,
		0.0,
		0.0,
		0.0,
		0.0,
		11.674611268703552,
		13.733946186855373,
		15.908488891764998,
		18.144424239414484,
		20.0,
		20.0,
		20.0,
		20.0,
		20.0,
		20.0,
		20.0,
		20.0,
		20.0,
		20.0,
		20.0,
		20.0,
		20.0,
		20.0,
		20.0,
		18.144424239414484,
		15.908488891764998,
		13.733946186855373,
		16.54914090018106,
		16.192868085411934,
		15.616042604048815,
		14.842842370913983,
		13.904713612296582,
		12.838252241944074,
		11.682845762577957
	],
	[
		0.0,
		0.0,
		0.0,
		0.0,
		0.0,
		0.0,
		0.0,
		0.0,
		0.0,
		0.0,
		0.0,
		0.0,
		0.0,
		0.0,
		0.0,
		0.0,
		0.0,
		0.0,
		0.0,
		0.0,
		0.0,
		11.765275228780183,
		13.8406027529817,
		16.03203275704375,
		18.28533217347698,
		20.0,
		20.0,
		20.0,
		20.0,
		20.0,
		20.0,
		20.0,
		20.0,
		20.0,
		20.0,
		20.0,
		20.0,
		20.0,
		20.0,
		20.0,
		18.28533217347698,
		16.03203275704375,
		13.8406027529817,
		14.418326012441403,
		14.107925755189667,
		13.605370493092293,
		12.931725069352394,
		12.11438679391088,
		11.185239606744853,
		10.178599600664203
	],
	[
		0.0,
		0.0,
		0.0,
		0.0,
		0.0,
		0.0,
		0.0,
		0.0,
		0.0,
		0.0,
		0.0,
		0.0,
		0.0,
		0.0,
		0.0,
		0.0,
		0.0,
		0.0,
		0.0,
		0.0,
		0.0,
		11.674611268703552,
		13.733946186855373,
		15.908488891764998,
		18.144424239414484,
		20.0,
		20.0,
		20.0,
		20.0,
		20.0,
		20.0,
		20.0,
		20.0,
		20.0,
		20.0,
		20.0,
		20.0,
		20.0,
		20.0,
		20.0,
		18.144424239414484,
		15.908488891764998,
		13.733946186855373,
		0.7085983306315549,
		0.8043746559331691,
		0.8922900302346498,
		0.9672597386749724,
		1.0246359515230026,
		1.0606826800812723,
		1.0729778904654588
	],
	[
		0.0,
		0.0,
		0.0,
		0.0,
		0.0,
		0.0,
		0.0,
		0.0,
		0.0,
		0.0,
		0.0,
		0.0,
		0.0,
		0.0,
		0.0,
		0.0,
		0.0,
		0.0,
		0.0,
		0.0,
		0.0,
		11.406789867716203,
		13.418882616498319,
		15.543540227991862,
		17.72818210440347,
		19.909444453175762,
		20.0,
		20.0,
		20.0,
		20.0,
		20.0,
		20.0,
		20.0,
		20.0,
		20.0,
		20.0,
		20.0,
		20.0,
		20.0,
		19.909444453175762,
		17.72818210440347,
		15.543540227991862,
		13.418882616498319,
		1.036513315816545,
		1.1766116370003112,
		1.3052112288837177,
		1.4148743450979768,
		1.498802299846476,
		1.55153021709823,
		1.5695152288221732
	],
	[
		0.6836158926160868,
		0.8621913948838505,
		1.0581260101480308,
		1.2636106238342633,
		1.4683558562169865,
		1.660319020790581,
		1.82681235183015,
		1.9558633469764788,
		2.0376296393896305,
		2.0656377555323058,
		2.0376296393896305,
		1.9558633469764788,
		1.82681235183015,
		1.660319020790581,
		1.4683558562169865,
		1.2636106238342633,
		1.0581260101480308,
		0.8621913948838505,
		0.6836158926160868,
		0.5274275237445802,
		0.0,
		10.974004365995063,
		12.909756217829852,
		14.953802104110647,
		17.05555638975145,
		19.154059370555494,
		20.0,
		20.0,
		20.0,
		20.0,
		20.0,
		20.0,
		20.0,
		20.0,
		20.0,
		20.0,
		20.0,
		20.0,
		20.0,
		19.154059370555494,
		17.05555638975145,
		14.953802104110647,
		12.909756217829852,
		1.4816275847245082,
		1.6818889167035767,
		1.8657135717381987,
		2.022469780781106,
		2.142439269824213,
		2.2178103581577244,
		2.243518749043948
	],
	[
		0.9883091618437196,
		1.246477245526919,
		1.5297415427433998,
		1.82681235183015,
		2.122814231238336,
		2.4003369692755894,
		2.641037757875735,
		2.8276078511485574,
		2.9458180577788644,
		2.9863096234208797,
		2.9458180577788644,
		2.8276078511485574,
		2.641037757875735,
		2.4003369692755894,
		2.122814231238336,
		1.82681235183015,
		1.5297415427433998,
		1.246477245526919,
		0.9883091618437196,
		0.7625063424586747,
		0.0,
		10.395550466335772,
		12.229266345692157,
		14.16556794150543,
		16.156536052646263,
		18.144424239414484,
		20.0,
		20.0,
		20.0,
		20.0,
		20.0,
		20.0,
		20.0,
		20.0,
		20.0,
		20.0,
		20.0,
		20.0,
		20.0,
		18.144424239414484,
		16.156536052646263,
		14.16556794150543,
		12.229266345692157,
		2.069629627258905,
		2.3493671200886403,
		2.6061448395389983,
		2.825111668880473,
		2.992692518110473,
		3.097975545412361,
		3.1338866258996863
	],
	[
		1.3903228636295877,
		1.7535057655613893,
		2.1519932470852288,
		2.5699033039137413,
		2.9863096234208797,
		3.3767200564785598,
		3.7153305061278896,
		3.9777915622035054,
		4.144086036986977,
		4.20104832335416,
		4.144086036986977,
		3.9777915622035054,
		3.7153305061278896,
		3.3767200564785598,
		2.9863096234208797,
		2.5699033039137413,
		2.1519932470852288,
		1.7535057655613893,
		1.3903228636295877,
		1.0726704178327802,
		0.0,
		9.696400125466388,
		11.406789867716203,
		13.212865947803035,
		15.069931959380037,
		16.92412518618534,
		18.71465570244632,
		20.0,
		20.0,
		20.0,
		20.0,
		20.0,
		20.0,
		20.0,
		20.0,
		20.0,
		20.0,
		20.0,
		18.71465570244632,
		16.92412518618534,
		15.069931959380037,
		13.212865947803035,
		11.406789867716203,
		2.825111668880473,
		3.2069624332915643,
		3.5574723612386743,
		3.8563691959779702,
		4.085122498696974,
		4.228837250867179,
		4.277857042230146
	],
	[
		1.9031835733547056,
		2.4003369692755894,
		2.9458180577788644,
		3.5178862989781674,
		4.087896105950756,
		4.622320693576346,
		5.085837379086704,
		5.44511476970978,
		5.672751760387846,
		5.750726229880303,
		5.672751760387846,
		5.44511476970978,
		5.085837379086704,
		4.622320693576346,
		4.087896105950756,
		3.5178862989781674,
		2.9458180577788644,
		2.4003369692755894,
		1.9031835733547056,
		1.4683558562169865,
		0.0,
		8.905416602561969,
		10.476281357563048,
		12.135026840523585,
		13.8406027529817,
		15.543540227991862,
		17.188008275986878,
		18.71465570244632,
		20.0,
		20.0,
		20.0,
		20.0,
		20.0,
		20.0,
		20.0,
		20.0,
		20.0,
		18.71465570244632,
		17.188008275986878,
		15.543540227991862,
		13.8406027529817,
		12.135026840523585,
		10.476281357563048,
		3.7684956089125876,
		4.277857042230146,
		4.745412055682903,
		5.1441189180135085,
		5.449259357705375,
		5.640964492215685,
		5.706353365348037
	],
	[
		2.5350578185334087,
		3.1972706607334618,
		3.9238564287237034,
		4.685856525766715,
		5.44511476970978,
		6.156973178033821,
		6.774381616229041,
		7.252942366160211,
		7.556156906830427,
		7.660019608936675,
		7.556156906830427,
		7.252942366160211,
		6.774381616229041,
		6.156973178033821,
		5.44511476970978,
		4.685856525766715,
		3.9238564287237034,
		3.1972706607334618,
		2.5350578185334087,
		1.9558633469764788,
		0.0,
		8.053388093973375,
		9.473959874021107,
		10.974004365995063,
		12.516398771530948,
		14.056407172943908,
		15.543540227991862,
		16.92412518618534,
		18.144424239414484,
		19.154059370555494,
		19.909444453175762,
		20.0,
		20.0,
		20.0,
		19.909444453175762,
		19.154059370555494,
		18.144424239414484,
		16.92412518618534,
		15.543540227991862,
		14.056407172943908,
		12.516398771530948,
		10.974004365995063,
		9.473959874021107,
		4.912355817527378,
		5.576324907544067,
		6.185797978155259,
		6.70552525872465,
		7.103285683478266,
		7.3531795218933595,
		7.438416031277526
	],
	[
		3.285770528519777,
		4.144086036986977,
		5.085837379086704,
		6.073490379854006,
		7.057589576032134,
		7.9802523103690195,
		8.780495379955065,
		9.400773464633957,
		9.793779649451167,
		9.928399460919838,
		9.793779649451167,
		9.400773464633957,
		8.780495379955065,
		7.9802523103690195,
		7.057589576032134,
		6.073490379854006,
		5.085837379086704,
		4.144086036986977,
		3.285770528519777,
		2.5350578185334087,
		0.0,
		7.171065522354199,
		8.43600062731368,
		9.771701479286964,
		11.145112423146411,
		12.516398771530948,
		13.8406027529817,
		15.069931959380037,
		16.156536052646263,
		17.05555638975145,
		17.72818210440347,
		18.144424239414484,
		18.28533217347698,
		18.144424239414484,
		17.72818210440347,
		17.05555638975145,
		16.156536052646263,
		15.069931959380037,
		13.8406027529817,
		12.516398771530948,
		11.145112423146411,
		9.771701479286964,
		8.43600062731368,
		6.257502446384782,
		7.103285683478266,
		7.87965029793627,
		8.541694101443335,
		9.04837295847768,
		9.366695035156164,
		9.475271792582744
	],
	[
		4.144086036986977,
		5.226612428618676,
		6.414369928186783,
		7.660019608936675,
		8.901187153198839,
		10.06486968094256,
		11.074153835780082,
		11.856462194643115,
		12.35213023622246,
		12.521915702421905,
		12.35213023622246,
		11.856462194643115,
		11.074153835780082,
		10.06486968094256,
		8.901187153198839,
		7.660019608936675,
		6.414369928186783,
		5.226612428618676,
		4.144086036986977,
		3.1972706607334618,
		0.0,
		6.287375928781309,
		7.396433223767753,
		8.567535810764127,
		9.771701479286964,
		10.974004365995063,
		12.135026840523585,
		13.212865947803035,
		14.16556794150543,
		14.953802104110647,
		15.543540227991862,
		15.908488891764998,
		16.03203275704375,
		15.908488891764998,
		15.543540227991862,
		14.953802104110647,
		14.16556794150543,
		13.212865947803035,
		12.135026840523585,
		10.974004365995063,
		9.771701479286964,
		8.567535810764127,
		7.396433223767753,
		7.789357702881103,
		8.842191198236439,
		9.808612185153766,
		10.63272628573583,
		11.263441637706274,
		11.659689907877572,
		11.79484657925901
	],
	[
		5.085837379086704,
		6.414369928186783,
		7.872047552318849,
		9.400773464633957,
		10.92399866651883,
		12.35213023622246,
		13.590776112533627,
		14.55086551655825,
		15.159175052360213,
		15.367544584922001,
		15.159175052360213,
		14.55086551655825,
		13.590776112533627,
		12.35213023622246,
		10.92399866651883,
		9.400773464633957,
		7.872047552318849,
		6.414369928186783,
		5.085837379086704,
		3.9238564287237034,
		0.0,
		5.427950024034748,
		6.385409485528156,
		7.396433223767753,
		8.43600062731368,
		9.473959874021107,
		10.476281357563048,
		11.406789867716203,
		12.229266345692157,
		12.909756217829852,
		13.418882616498319,
		13.733946186855373,
		13.8406027529817,
		13.733946186855373,
		13.418882616498319,
		12.909756217829852,
		12.229266345692157,
		11.406789867716203,
		10.476281357563048,
		9.473959874021107,
		8.43600062731368,
		7.396433223767753,
		6.385409485528156,
		9.475271792582744,
		10.75597861095582,
		11.931569958328497,
		12.934053781638687,
		13.701279990991479,
		14.183291499568762,
		14.347701229455252
	],
	[
		6.073490379854006,
		7.660019608936675,
		9.400773464633957,
		11.226372953925269,
		13.045403512794666,
		14.750873566836859,
		16.23006042498462,
		17.376596054126274,
		18.103037314096355,
		18.351871529022812,
		18.103037314096355,
		17.376596054126274,
		16.23006042498462,
		14.750873566836859,
		13.045403512794666,
		11.226372953925269,
		9.400773464633957,
		7.660019608936675,
		6.073490379854006,
		4.685856525766715,
		0.0,
		4.614056706964953,
		5.427950024034748,
		6.287375928781309,
		7.171065522354199,
		8.053388093973375,
		8.905416602561969,
		9.696400125466388,
		10.395550466335772,
		10.974004365995063,
		11.406789867716203,
		11.674611268703552,
		11.765275228780183,
		11.674611268703552,
		11.406789867716203,
		10.974004365995063,
		10.395550466335772,
		9.696400125466388,
		8.905416602561969,
		8.053388093973375,
		7.171065522354199,
		6.287375928781309,
		5.427950024034748,
		11.263441637706274,
		12.785842980858213,
		14.183291499568762,
		15.374963705260837,
		16.28698056568783,
		16.859957110784187,
		17.055394185074462
	],
	[
		7.057589576032134,
		8.901187153198839,
		10.92399866651883,
		13.045403512794666,
		15.159175052360213,
		17.140985662543883,
		18.859847980280577,
		20.0,
		20.0,
		20.0,
		20.0,
		20.0,
		18.859847980280577,
		17.140985662543883,
		15.159175052360213,
		13.045403512794666,
		10.92399866651883,
		8.901187153198839,
		7.057589576032134,
		5.44511476970978,
		0.0,
		0.0,
		0.0,
		0.0,
		0.0,
		0.0,
		0.0,
		0.0,
		0.0,
		0.0,
		0.0,
		0.0,
		0.0,
		0.0,
		0.0,
		0.0,
		0.0,
		3.7684956089125876,
		4.912355817527378,
		6.257502446384782,
		7.789357702881103,
		9.475271792582744,
		11.263441637706274,
		13.083982610827679,
		14.852453859776869,
		16.475775816462498,
		17.860061270109767,
		18.919489917803148,
		19.585078233842886,
		19.812104338631734
	],
	[
		7.9802523103690195,
		10.06486968094256,
		12.35213023622246,
		14.750873566836859,
		17.140985662543883,
		19.381885126907992,
		20.0,
		20.0,
		20.0,
		20.0,
		20.0,
		20.0,
		20.0,
		19.381885126907992,
		17.140985662543883,
		14.750873566836859,
		12.35213023622246,
		10.06486968094256,
		7.9802523103690195,
		6.156973178033821,
		0.0,
		0.0,
		0.0,
		0.0,
		0.0,
		0.0,
		0.0,
		0.0,
		0.0,
		0.0,
		0.0,
		0.0,
		0.0,
		0.0,
		0.0,
		0.0,
		0.0,
		4.277857042230146,
		5.576324907544067,
		7.103285683478266,
		8.842191198236439,
		10.75597861095582,
		12.785842980858213,
		14.852453859776869,
		16.859957110784187,
		18.702692245672203,
		20.0,
		20.0,
		20.0,
		20.0
	],
	[
		8.780495379955065,
		11.074153835780082,
		13.590776112533627,
		16.23006042498462,
		18.859847980280577,
		20.0,
		20.0,
		20.0,
		20.0,
		20.0,
		20.0,
		20.0,
		20.0,
		20.0,
		18.859847980280577,
		16.23006042498462,
		13.590776112533627,
		11.074153835780082,
		8.780495379955065,
		6.774381616229041,
		0.0,
		0.0,
		0.0,
		0.0,
		0.0,
		0.0,
		0.0,
		0.0,
		0.0,
		0.0,
		0.0,
		0.0,
		0.0,
		0.0,
		0.0,
		0.0,
		0.0,
		4.745412055682903,
		6.185797978155259,
		7.87965029793627,
		9.808612185153766,
		11.931569958328497,
		14.183291499568762,
		16.475775816462498,
		18.702692245672203,
		20.0,
		20.0,
		20.0,
		20.0,
		20.0
	],
	[
		9.400773464633957,
		11.856462194643115,
		14.55086551655825,
		17.376596054126274,
		20.0,
		20.0,
		20.0,
		20.0,
		20.0,
		20.0,
		20.0,
		20.0,
		20.0,
		20.0,
		20.0,
		17.376596054126274,
		14.55086551655825,
		11.856462194643115,
		9.400773464633957,
		7.252942366160211,
		0.0,
		0.0,
		0.0,
		0.0,
		0.0,
		0.0,
		0.0,
		0.0,
		0.0,
		0.0,
		0.0,
		0.0,
		0.0,
		0.0,
		0.0,
		0.0,
		0.0,
		5.1441189180135085,
		6.70552525872465,
		8.541694101443335,
		10.63272628573583,
		12.934053781638687,
		15.374963705260837,
		17.860061270109767,
		20.0,
		20.0,
		20.0,
		20.0,
		20.0,
		20.0
	],
	[
		9.793779649451167,
		12.35213023622246,
		15.159175052360213,
		18.103037314096355,
		20.0,
		20.0,
		20.0,
		20.0,
		20.0,
		20.0,
		20.0,
		20.0,
		20.0,
		20.0,
		20.0,
		18.103037314096355,
		15.159175052360213,
		12.35213023622246,
		9.793779649451167,
		7.556156906830427,
		0.0,
		0.0,
		0.0,
		0.0,
		0.0,
		0.0,
		0.0,
		0.0,
		0.0,
		0.0,
		0.0,
		0.0,
		0.0,
		0.0,
		0.0,
		0.0,
		0.0,
		5.449259357705375,
		7.103285683478266,
		9.04837295847768,
		11.263441637706274,
		13.701279990991479,
		16.28698056568783,
		18.919489917803148,
		20.0,
		20.0,
		20.0,
		20.0,
		20.0,
		20.0
	],
	[
		9.928399460919838,
		12.521915702421905,
		15.367544584922001,
		18.351871529022812,
		20.0,
		20.0,
		20.0,
		20.0,
		20.0,
		20.0,
		20.0,
		20.0,
		20.0,
		20.0,
		20.0,
		18.351871529022812,
		15.367544584922001,
		12.521915702421905,
		9.928399460919838,
		7.660019608936675,
		0.0,
		0.0,
		0.0,
		0.0,
		0.0,
		0.0,
		0.0,
		0.0,
		0.0,
		0.0,
		0.0,
		0.0,
		0.0,
		0.0,
		0.0,
		0.0,
		0.0,
		5.640964492215685,
		7.3531795218933595,
		9.366695035156164,
		11.659689907877572,
		14.183291499568762,
		16.859957110784187,
		19.585078233842886,
		20.0,
		20.0,
		20.0,
		20.0,
		20.0,
		20.0
	],
	[
		9.793779649451167,
		12.35213023622246,
		15.159175052360213,
		18.103037314096355,
		20.0,
		20.0,
		20.0,
		20.0,
		20.0,
		20.0,
		20.0,
		20.0,
		20.0,
		20.0,
		20.0,
		18.103037314096355,
		15.159175052360213,
		12.35213023622246,
		9.793779649451167,
		7.556156906830427,
		0.0,
		0.0,
		0.0,
		0.0,
		0.0,
		0.0,
		0.0,
		0.0,
		0.0,
		0.0,
		0.0,
		0.0,
		0.0,
		0.0,
		0.0,
		0.0,
		0.0,
		5.706353365348037,
		7.438416031277526,
		9.475271792582744,
		11.79484657925901,
		14.347701229455252,
		17.055394185074462,
		19.812104338631734,
		20.0,
		20.0,
		20.0,
		20.0,
		20.0,
		20.0
	]
]