[
	[
		0.29886720234974273,
		0.30829925884517906,
		0.3115089685692389,
		0.30829925884517906,
		0.29886720234974273,
		0.28378398797014975,
		0.2639376638882105,
		0.24044663361617796,
		0.2145556153875859,
		0.18752748168747876,
		0.16054390015996708,
		0.13462525803837458,
		0.11057657650678104,
		0.08896180433590539,
		0.07010481979905216,
		0.05411230372715321,
		0.04091174667487068,
		0.030297296089192363,
		0.0,
		0.0,
		0.0,
		0.0,
		0.0,
		0.0,
		0.0,
		0.0,
		0.0,
		0.0,
		0.0,
		0.0,
		0.0,
		0.0,
		0.0,
		0.0,
		0.0,
		0.0,
		0.0,
		0.0,
		0.0,
		0.0,
		0.0,
		0.0,
		0.0,
		0.0,
		0.0,
		0.0,
		0.0,
		0.0,
		0.0,
		0.0,
		0.0,
		0.0,
		0.0,
		0.0,
		0.0,
		0.051169330382748415,
		0.07444573519286926,
		0.10634742566040871,
		0.14916646869219735,
		0.20543408611782252,
		0.27779912221161496,
		0.3688470400278796,
		0.4808601692257,
		0.6155287972877329,
		0.7736330521690706,
		0.9547259447253502,
		1.1568565297010966,
		1.3763768157388274,
		1.6078749299350559,
		1.8442689207534249,
		2.0770803656820975,
		2.2968859013817853,
		2.4939205415678876,
		2.658782866996368,
		2.7831729803428624,
		2.8605832829472515,
		2.886862252749246,
		2.8605832829472515,
		2.7831729803428624,
		2.658782866996368,
		2.4939205415678876,
		2.2968859013817853,
		2.0770803656820975,
		1.8442689207534249,
		1.6078749299350559,
		1.3763768157388274,
		1.1568565297010966,
		0.9547259447253502,
		0.7736330521690706,
		0.6155287972877329,
		0.4808601692257,
		0.3688470400278796,
		0.27779912221161496,
		0.20543408611782252,
		0.14916646869219735,
		0.10634742566040871,
		0.07444573519286926,
		0.2721050540119371,
		0.21106587454967973,
		0.1614865171446528
	],
	[
		0.45698221498795105,
		0.4714042794877953,
		0.47631207883023613,
		0.4714042794877953,
		0.45698221498795105,
		0.433919260397643,
		0.40357328376645674,
		0.367654377437284,
		0.32806577498986755,
		0.28673846872087283,
		0.24547928484990367,
		0.20584844415181722,
		0.16907686243444012,
		0.1360268442810675,
		0.10719361502776016,
		0.08274029475605502,
		0.06255601306372136,
		0.04632601157347044,
		0.0,
		0.0,
		0.0,
		0.0,
		0.0,
		0.0,
		0.0,
		0.0,
		0.0,
		0.0,
		0.0,
		0.0,
		0.0,
		0.0,
		0.0,
		0.0,
		0.0,
		0.0,
		0.0,
		0.0,
		0.0,
		0.0,
		0.0,
		0.0,
		0.0,
		0.0,
		0.0,
		0.0,
		0.0,
		0.0,
		0.0,
		0.0,
		0.0,
		0.0,
		0.0,
		0.0,
		0.0,
		0.06793994128429352,
		0.09884512539126047,
		0.14120250941450474,
		0.1980553790469391,
		0.27276455728924254,
		0.3688470400278796,
		0.489735668904284,
		0.6384608010067683,
		0.8172667110105375,
		1.027189211717261,
		1.2676348144884197,
		1.5360131569894988,
		1.8274806284720455,
		2.1348516291920214,
		2.448723116976325,
		2.7578378890566384,
		3.049684100013393,
		3.311296315476914,
		3.5301918262412952,
		3.695350465877445,
		3.79813178770445,
		3.8330236194326432,
		3.79813178770445,
		3.695350465877445,
		3.5301918262412952,
		3.311296315476914,
		3.049684100013393,
		2.7578378890566384,
		2.448723116976325,
		2.1348516291920214,
		1.8274806284720455,
		1.5360131569894988,
		1.2676348144884197,
		1.027189211717261,
		0.8172667110105375,
		0.6384608010067683,
		0.489735668904284,
		0.3688470400278796,
		0.27276455728924254,
		0.1980553790469391,
		0.14120250941450474,
		0.09884512539126047,
		0.35079645431460654,
		0.2721050540119371,
		0.20818759813066176
	],
	[
		0.6844223611537548,
		0.7060222902406132,
		0.7133727023657566,
		0.7060222902406132,
		0.6844223611537548,
		0.649880969129786,
		0.6044317934370715,
		0.5506360397434157,
		0.4913441813883759,
		0.42944826594778146,
		0.367654377437284,
		0.30829925884517906,
		0.2532264530401893,
		0.20372743378119665,
		0.16054390015996708,
		0.12392015715751634,
		0.09369015414870387,
		0.06938247744452548,
		0.0,
		0.0,
		0.0,
		0.0,
		0.0,
		0.0,
		0.0,
		0.0,
		0.0,
		0.0,
		0.0,
		0.0,
		0.0,
		0.0,
		0.0,
		0.0,
		0.0,
		0.0,
		0.0,
		0.0,
		0.0,
		0.0,
		0.0,
		0.0,
		0.0,
		0.0,
		0.0,
		0.0,
		0.0,
		0.0,
		0.0,
		0.0,
		0.0,
		0.0,
		0.0,
		0.0,
		0.0,
		0.0885722484330636,
		0.12886285794562538,
		0.18408352298833708,
		0.25820172795035234,
		0.3555989256873645,
		0.4808601692257,
		0.6384608010067683,
		0.8323514505982881,
		1.0654579441097147,
		1.3391306546362447,
		1.6525958602384792,
		2.0024765456896274,
		2.3824581707293477,
		2.7831729803428624,
		3.1923623741893588,
		3.595350511498169,
		3.97582589332023,
		4.316885683822522,
		4.602256368486144,
		4.817571127141988,
		4.951565543372734,
		4.997053483598974,
		4.951565543372734,
		4.817571127141988,
		4.602256368486144,
		4.316885683822522,
		3.97582589332023,
		3.595350511498169,
		3.1923623741893588,
		2.7831729803428624,
		2.3824581707293477,
		2.0024765456896274,
		1.6525958602384792,
		1.3391306546362447,
		1.0654579441097147,
		0.8323514505982881,
		0.6384608010067683,
		0.4808601692257,
		0.3555989256873645,
		0.25820172795035234,
		0.18408352298833708,
		0.12886285794562538,
		0.4460778048885195,
		0.3460126911199022,
		0.2647343370690161
	],
	[
		1.0040444357794063,
		1.0357314317687403,
		1.0465144523329648,
		1.0357314317687403,
		1.0040444357794063,
		0.9533723735643753,
		0.8866986431969087,
		0.8077805215364441,
		0.7207996397779287,
		0.6299986183284844,
		0.5393472699132329,
		0.4522735856797608,
		0.3714820344831487,
		0.29886720234974273,
		0.23551715841400975,
		0.18179029695226834,
		0.13744302246604775,
		0.10178377325564356,
		0.0,
		0.0,
		0.0,
		0.0,
		0.0,
		0.0,
		0.0,
		0.0,
		0.0,
		0.0,
		0.0,
		0.0,
		0.0,
		0.0,
		0.0,
		0.0,
		0.0,
		0.0,
		0.0,
		0.0,
		0.0,
		0.0,
		0.0,
		0.0,
		0.0,
		0.0,
		0.0,
		0.0,
		0.0,
		0.0,
		0.0,
		0.0,
		0.0,
		0.0,
		0.0,
		0.0,
		0.0,
		0.11337759506856675,
		0.1649519029493605,
		0.2356375444611142,
		0.3305131288349606,
		0.455187168855355,
		0.6155287972877329,
		0.8172667110105375,
		1.0654579441097147,
		1.3638477230387793,
		1.7141646033745306,
		2.1154181763343907,
		2.563285667328159,
		3.049684100013393,
		3.5626222067689546,
		4.086408270943906,
		4.602256368486144,
		5.089286838378528,
		5.525863074229217,
		5.8911540372861495,
		6.166769367720232,
		6.338289961739471,
		6.396517153198557,
		6.338289961739471,
		6.166769367720232,
		5.8911540372861495,
		5.525863074229217,
		5.089286838378528,
		4.602256368486144,
		4.086408270943906,
		3.5626222067689546,
		3.049684100013393,
		2.563285667328159,
		2.1154181763343907,
		1.7141646033745306,
		1.3638477230387793,
		1.0654579441097147,
		0.8172667110105375,
		0.6155287972877329,
		0.455187168855355,
		0.3305131288349606,
		0.2356375444611142,
		0.1649519029493605,
		0.5595035777826235,
		0.4339945554748259,
		0.3320492683760462
	],
	[
		1.442731549296599,
		1.4882632281617483,
		1.5037575662710405,
		1.4882632281617483,
		1.442731549296599,
		1.3699198487180337,
		1.2741150308408564,
		1.1607160019996718,
		1.0357314317687403,
		0.9052576263422121,
		0.7749988890947548,
		0.649880969129786,
		0.5337899718847466,
		0.42944826594778146,
		0.33841931963978356,
		0.2612181168709331,
		0.19749463039304618,
		0.14625514135574713,
		0.0,
		0.0,
		0.0,
		0.0,
		0.0,
		0.0,
		0.0,
		0.0,
		0.0,
		0.0,
		0.0,
		0.0,
		0.0,
		0.0,
		0.0,
		0.0,
		0.0,
		0.0,
		0.0,
		0.0,
		0.0,
		0.0,
		0.0,
		0.0,
		0.0,
		0.0,
		0.0,
		0.0,
		0.0,
		0.0,
		0.0,
		0.0,
		0.0,
		0.0,
		0.0,
		0.0,
		0.0,
		0.14249967719947707,
		0.20732132225514213,
		0.29616322344356716,
		0.4154084776686951,
		0.5721061960081666,
		0.7736330521690706,
		1.027189211717261,
		1.3391306546362447,
		1.7141646033745306,
		2.1544636089689124,
		2.658782866996368,
		3.221689258300179,
		3.8330236194326432,
		4.47771461496641,
		5.136039965944049,
		5.784388410266564,
		6.396517153198557,
		6.945232026221419,
		7.404351345942557,
		7.750761018808981,
		7.96633826108531,
		8.039521644293732,
		7.96633826108531,
		7.750761018808981,
		7.404351345942557,
		6.945232026221419,
		6.396517153198557,
		5.784388410266564,
		5.136039965944049,
		4.47771461496641,
		3.8330236194326432,
		3.221689258300179,
		2.658782866996368,
		2.1544636089689124,
		1.7141646033745306,
		1.3391306546362447,
		1.027189211717261,
		0.7736330521690706,
		0.5721061960081666,
		0.4154084776686951,
		0.29616322344356716,
		0.20732132225514213,
		0.6922005725536026,
		0.5369246805809267,
		0.4108011151542673
	],
	[
		2.030588750579849,
		2.094672824254999,
		2.1164805047467365,
		2.094672824254999,
		2.030588750579849,
		1.9281091034289242,
		1.7932675346508689,
		1.633662795706985,
		1.4577518561903973,
		1.2741150308408564,
		1.0907809056195836,
		0.9146822815195675,
		0.7512887013595552,
		0.6044317934370715,
		0.47631207883023613,
		0.367654377437284,
		0.27796603946975873,
		0.20584844415181722,
		0.0,
		0.0,
		0.0,
		0.0,
		0.0,
		0.0,
		0.0,
		0.0,
		0.0,
		0.0,
		0.0,
		0.0,
		0.0,
		0.0,
		0.0,
		0.0,
		0.0,
		0.0,
		0.0,
		0.0,
		0.0,
		0.0,
		0.0,
		0.0,
		0.0,
		0.0,
		0.0,
		0.0,
		0.0,
		0.0,
		0.0,
		0.0,
		0.0,
		0.0,
		0.0,
		0.0,
		0.0,
		0.17585616146554722,
		0.25585132989960774,
		0.36548944296303293,
		0.5126477600423033,
		0.7060254560423758,
		0.9547259447253502,
		1.2676348144884197,
		1.6525958602384792,
		2.1154181763343907,
		2.658782866996368,
		3.281153742585879,
		3.97582589332023,
		4.730262087377394,
		5.525863074229217,
		6.338289961739471,
		7.138404537094697,
		7.893821062733998,
		8.570979728671032,
		9.137570213699366,
		9.565067851322425,
		9.831107656261596,
		9.92142188789371,
		9.831107656261596,
		9.565067851322425,
		9.137570213699366,
		8.570979728671032,
		7.893821062733998,
		7.138404537094697,
		6.338289961739471,
		5.525863074229217,
		4.730262087377394,
		3.97582589332023,
		3.281153742585879,
		2.658782866996368,
		2.1154181763343907,
		1.6525958602384792,
		1.2676348144884197,
		0.9547259447253502,
		0.7060254560423758,
		0.5126477600423033,
		0.36548944296303293,
		0.25585132989960774,
		0.8446910128902677,
		0.6552081438080084,
		0.5012998021310344
	],
	[
		2.7993827009053254,
		2.887729416703158,
		2.917793625173736,
		2.887729416703158,
		2.7993827009053254,
		2.6581036007688437,
		2.472210147506862,
		2.25217802871647,
		2.0096660770265387,
		1.7565031694777395,
		1.5037575662710405,
		1.2609868714082597,
		1.0357314317687403,
		0.8332735547469894,
		0.6566468928427094,
		0.5068506874255817,
		0.38320576833128234,
		0.28378398797014975,
		0.0,
		0.0,
		0.0,
		0.0,
		0.0,
		0.0,
		0.0,
		0.0,
		0.0,
		0.0,
		0.0,
		0.0,
		0.0,
		0.0,
		0.0,
		0.0,
		0.0,
		0.0,
		0.0,
		0.0,
		0.0,
		0.0,
		0.0,
		0.0,
		0.0,
		0.0,
		0.0,
		0.0,
		0.0,
		0.0,
		0.0,
		0.0,
		0.0,
		0.0,
		0.0,
		0.0,
		0.0,
		0.2130876926552082,
		0.31001910366248336,
		0.4428693395885823,
		0.6211834002397282,
		0.8555022134574757,
		1.1568565297010966,
		1.5360131569894988,
		2.0024765456896274,
		2.563285667328159,
		3.221689258300179,
		3.97582589332023,
		4.817571127141988,
		5.731733397644595,
		6.69577569874802,
		7.680206209842332,
		8.649717697534216,
		9.565067851322425,
		10.38559171857555,
		11.072138371982044,
		11.590144021926228,
		11.91250866196209,
		12.021943845080115,
		11.91250866196209,
		11.590144021926228,
		11.072138371982044,
		10.38559171857555,
		9.565067851322425,
		8.649717697534216,
		7.680206209842332,
		6.69577569874802,
		5.731733397644595,
		4.817571127141988,
		3.97582589332023,
		3.221689258300179,
		2.563285667328159,
		2.0024765456896274,
		1.5360131569894988,
		1.1568565297010966,
		0.8555022134574757,
		0.6211834002397282,
		0.4428693395885823,
		0.31001910366248336,
		1.01671826599629,
		0.7886458807697361,
		0.6033930251287756
	],
	[
		3.780127294802,
		3.8994256785797896,
		3.9400226769821476,
		3.8994256785797896,
		3.780127294802,
		3.589352027655332,
		3.338332073730003,
		3.0412132061654886,
		2.7137388499074686,
		2.3718820482107374,
		2.030588750579849,
		1.7027650022470269,
		1.3985928590782502,
		1.1252052487561304,
		0.8866986431969087,
		0.6844223611537548,
		0.5174592898377858,
		0.38320576833128234,
		0.0,
		0.0,
		0.0,
		0.0,
		0.0,
		0.0,
		0.0,
		0.0,
		0.0,
		0.0,
		0.0,
		0.0,
		0.0,
		0.0,
		0.0,
		0.0,
		0.0,
		0.0,
		0.0,
		0.0,
		0.0,
		0.0,
		0.0,
		0.0,
		0.0,
		0.0,
		0.0,
		0.0,
		0.0,
		0.0,
		0.0,
		0.0,
		0.0,
		0.0,
		0.0,
		0.0,
		0.0,
		0.2535223274105459,
		0.3688470400278796,
		0.5269063844665202,
		0.739056580017473,
		1.0178387571709988,
		1.3763768157388274,
		1.8274806284720455,
		2.3824581707293477,
		3.049684100013393,
		3.8330236194326432,
		4.730262087377394,
		5.731733397644595,
		6.819363300436475,
		7.96633826108531,
		9.137570213699366,
		10.291052171048346,
		11.380095364920088,
		12.356318430315554,
		13.173141322706476,
		13.789441571440959,
		14.172976785504186,
		14.303177934049979,
		14.172976785504186,
		13.789441571440959,
		13.173141322706476,
		12.356318430315554,
		11.380095364920088,
		10.291052171048346,
		9.137570213699366,
		7.96633826108531,
		6.819363300436475,
		5.731733397644595,
		4.730262087377394,
		3.8330236194326432,
		3.049684100013393,
		2.3824581707293477,
		1.8274806284720455,
		1.3763768157388274,
		1.0178387571709988,
		0.739056580017473,
		0.5269063844665202,
		0.3688470400278796,
		1.2070915552755141,
		0.9363142323868137,
		0.7163740925135982
	],
	[
		4.999820661024721,
		5.157611782201842,
		5.211307781187594,
		5.157611782201842,
		4.999820661024721,
		4.747489972689427,
		4.415476086889564,
		4.022489042545298,
		3.589352027655332,
		3.1371919370188412,
		2.6857771702964004,
		2.25217802871647,
		1.849861903538712,
		1.4882632281617483,
		1.1728002394138173,
		0.9052576263422121,
		0.6844223611537548,
		0.5068506874255817,
		0.0,
		0.0,
		0.0,
		0.0,
		0.0,
		0.0,
		0.0,
		0.0,
		0.0,
		0.0,
		0.0,
		0.0,
		0.0,
		0.0,
		0.0,
		0.0,
		0.0,
		0.0,
		0.0,
		0.0,
		0.0,
		0.0,
		0.0,
		0.0,
		0.0,
		0.0,
		0.0,
		0.0,
		0.0,
		0.0,
		0.0,
		0.0,
		0.0,
		0.0,
		0.0,
		0.0,
		0.0,
		0.29616322344356716,
		0.4308848433510049,
		0.6155287972877329,
		0.8633613507764302,
		1.1890329753142594,
		1.6078749299350559,
		2.1348516291920214,
		2.7831729803428624,
		3.5626222067689546,
		4.47771461496641,
		5.525863074229217,
		6.69577569874802,
		7.96633826108531,
		9.306227354974592,
		10.674453317670816,
		12.021943845080115,
		13.294157405363624,
		14.434575185527372,
		15.388782664071254,
		16.108740823727548,
		16.556784301638437,
		16.708884482491275,
		16.556784301638437,
		16.108740823727548,
		15.388782664071254,
		14.434575185527372,
		13.294157405363624,
		12.021943845080115,
		10.674453317670816,
		9.306227354974592,
		7.96633826108531,
		6.69577569874802,
		5.525863074229217,
		4.47771461496641,
		3.5626222067689546,
		2.7831729803428624,
		2.1348516291920214,
		1.6078749299350559,
		1.1890329753142594,
		0.8633613507764302,
		0.6155287972877329,
		0.4308848433510049,
		1.413567756747514,
		1.0964732569798366,
		0.8389117747703495
	],
	[
		6.477482981247229,
		6.681908173931489,
		6.751473653010091,
		6.681908173931489,
		6.477482981247229,
		6.150577708008232,
		5.720439420935031,
		5.211307781187594,
		4.650160125558889,
		4.064367256080886,
		3.4795399858305553,
		2.917793625173736,
		2.396575759454098,
		1.9281091034289242,
		1.5194132162429808,
		1.1728002394138173,
		0.8866986431969087,
		0.6566468928427094,
		0.0,
		0.0,
		0.0,
		0.0,
		0.0,
		0.0,
		0.0,
		0.0,
		0.0,
		0.0,
		0.0,
		0.0,
		0.0,
		0.0,
		0.0,
		0.0,
		0.0,
		0.0,
		0.0,
		0.0,
		0.0,
		0.0,
		0.0,
		0.0,
		0.0,
		0.0,
		0.0,
		0.0,
		0.0,
		0.0,
		0.0,
		0.0,
		0.0,
		0.0,
		0.0,
		0.0,
		0.0,
		0.33970591760466395,
		0.49423466354317996,
		0.7060254560423758,
		0.9902950017890881,
		1.3638477230387793,
		1.8442689207534249,
		2.448723116976325,
		3.1923623741893588,
		4.086408270943906,
		5.136039965944049,
		6.338289961739471,
		7.680206209842332,
		9.137570213699366,
		10.674453317670816,
		12.24383945124932,
		13.789441571440959,
		15.248699307294032,
		16.556784301638437,
		17.651281867254472,
		18.47709016451461,
		18.99100617009018,
		19.165468518600832,
		18.99100617009018,
		18.47709016451461,
		17.651281867254472,
		16.556784301638437,
		15.248699307294032,
		13.789441571440959,
		12.24383945124932,
		10.674453317670816,
		9.137570213699366,
		7.680206209842332,
		6.338289961739471,
		5.136039965944049,
		4.086408270943906,
		3.1923623741893588,
		2.448723116976325,
		1.8442689207534249,
		1.3638477230387793,
		0.9902950017890881,
		0.7060254560423758,
		0.49423466354317996,
		1.6327883099387006,
		1.2665177934423328,
		0.9690128629324823
	],
	[
		8.21981391890924,
		8.479225954273359,
		8.567503344559265,
		8.479225954273359,
		8.21981391890924,
		7.804976778786434,
		7.259138728825355,
		6.613059479976868,
		5.900972806240524,
		5.157611782201842,
		4.415476086889564,
		3.7026296668230985,
		3.0412132061654886,
		2.446737118634473,
		1.9281091034289242,
		1.4882632281617483,
		1.1252052487561304,
		0.8332735547469894,
		0.0,
		0.0,
		0.0,
		0.0,
		0.0,
		0.0,
		0.0,
		0.0,
		0.0,
		0.0,
		0.0,
		0.0,
		0.0,
		0.0,
		0.0,
		0.0,
		0.0,
		0.0,
		0.0,
		0.0,
		0.0,
		0.0,
		0.0,
		0.0,
		0.0,
		0.0,
		0.0,
		0.0,
		0.0,
		0.0,
		0.0,
		0.0,
		0.0,
		0.0,
		0.0,
		0.0,
		0.0,
		0.38258872316430736,
		0.5566244185612923,
		0.7951506398634537,
		1.1153049760275382,
		1.5360131569894988,
		2.0770803656820975,
		2.7578378890566384,
		3.595350511498169,
		4.602256368486144,
		5.784388410266564,
		7.138404537094697,
		8.649717697534216,
		10.291052171048346,
		12.021943845080115,
		13.789441571440959,
		15.530152907451102,
		17.173620168381735,
		18.646831383851435,
		19.879492943261766,
		20.0,
		20.0,
		20.0,
		20.0,
		20.0,
		19.879492943261766,
		18.646831383851435,
		17.173620168381735,
		15.530152907451102,
		13.789441571440959,
		12.021943845080115,
		10.291052171048346,
		8.649717697534216,
		7.138404537094697,
		5.784388410266564,
		4.602256368486144,
		3.595350511498169,
		2.7578378890566384,
		2.0770803656820975,
		1.5360131569894988,
		1.1153049760275382,
		0.7951506398634537,
		0.5566244185612923,
		1.8602870697602885,
		1.4429835517689102,
		1.104026828445612
	],
	[
		10.216956473183032,
		10.539397041799543,
		10.649122914308952,
		10.539397041799543,
		10.216956473183032,
		9.701327646799959,
		9.022869028043356,
		8.21981391890924,
		7.334713766707333,
		6.410740632839627,
		5.48829054199777,
		4.602246050269194,
		3.780127294802,
		3.0412132061654886,
		2.396575759454098,
		1.849861903538712,
		1.3985928590782502,
		1.0357314317687403,
		0.0,
		0.0,
		0.0,
		0.0,
		0.0,
		0.0,
		0.0,
		0.0,
		0.0,
		0.0,
		0.0,
		0.0,
		0.0,
		0.0,
		0.0,
		0.0,
		0.0,
		0.0,
		0.0,
		0.0,
		0.0,
		0.0,
		0.0,
		0.0,
		0.0,
		0.0,
		0.0,
		0.0,
		0.0,
		0.0,
		0.0,
		0.0,
		0.0,
		0.0,
		0.0,
		0.0,
		0.0,
		0.42307589960544323,
		0.6155287972877329,
		0.8792968843924852,
		1.2333313229011005,
		1.6985606445071386,
		2.2968859013817853,
		3.049684100013393,
		3.97582589332023,
		5.089286838378528,
		6.396517153198557,
		7.893821062733998,
		9.565067851322425,
		11.380095364920088,
		13.294157405363624,
		15.248699307294032,
		17.173620168381735,
		18.99100617009018,
		20.0,
		20.0,
		20.0,
		20.0,
		20.0,
		20.0,
		20.0,
		20.0,
		20.0,
		18.99100617009018,
		17.173620168381735,
		15.248699307294032,
		13.294157405363624,
		11.380095364920088,
		9.565067851322425,
		7.893821062733998,
		6.396517153198557,
		5.089286838378528,
		3.97582589332023,
		3.049684100013393,
		2.2968859013817853,
		1.6985606445071386,
		1.2333313229011005,
		0.8792968843924852,
		0.6155287972877329,
		2.0905804542568833,
		1.621617038670801,
		1.240699323261449
	],
	[
		12.43898522653899,
		12.83155159206918,
		12.965141131253,
		12.83155159206918,
		12.43898522653899,
		11.811215168930191,
		10.985202377578618,
		10.007495301617688,
		8.929899664781532,
		7.804976778786434,
		6.681908173931489,
		5.60316281844361,
		4.602246050269194,
		3.7026296668230985,
		2.917793625173736,
		2.25217802871647,
		1.7027650022470269,
		1.2609868714082597,
		0.0,
		0.0,
		0.0,
		0.0,
		0.0,
		0.0,
		0.0,
		0.0,
		0.0,
		0.0,
		0.0,
		0.0,
		0.0,
		0.0,
		0.0,
		0.0,
		0.0,
		0.0,
		0.0,
		0.0,
		0.0,
		0.0,
		0.0,
		0.0,
		0.0,
		0.0,
		0.0,
		0.0,
		0.0,
		0.0,
		0.0,
		0.0,
		0.0,
		0.0,
		0.0,
		0.0,
		0.0,
		0.4593687810237239,
		0.6683309391027927,
		0.9547259447253502,
		1.3391306546362447,
		1.8442689207534249,
		2.4939205415678876,
		3.311296315476914,
		4.316885683822522,
		5.525863074229217,
		6.945232026221419,
		8.570979728671032,
		10.38559171857555,
		12.356318430315554,
		14.434575185527372,
		16.556784301638437,
		18.646831383851435,
		20.0,
		20.0,
		20.0,
		20.0,
		20.0,
		20.0,
		20.0,
		20.0,
		20.0,
		20.0,
		20.0,
		18.646831383851435,
		16.556784301638437,
		14.434575185527372,
		12.356318430315554,
		10.38559171857555,
		8.570979728671032,
		6.945232026221419,
		5.525863074229217,
		4.316885683822522,
		3.311296315476914,
		2.4939205415678876,
		1.8442689207534249,
		1.3391306546362447,
		0.9547259447253502,
		0.6683309391027927,
		2.317344689832396,
		1.7975130427789618,
		1.3752773697774563
	],
	[
		14.833792940486259,
		15.301937895691285,
		15.461246675883405,
		15.301937895691285,
		14.833792940486259,
		14.08516185208058,
		13.100121473789889,
		11.934181965291245,
		10.649122914308952,
		9.30762496564482,
		7.968338292417189,
		6.681908173931489,
		5.48829054199777,
		4.415476086889564,
		3.4795399858305553,
		2.6857771702964004,
		2.030588750579849,
		1.5037575662710405,
		0.0,
		0.0,
		0.0,
		0.0,
		0.0,
		0.0,
		0.0,
		0.0,
		0.0,
		0.0,
		0.0,
		0.0,
		0.0,
		0.0,
		0.0,
		0.0,
		0.0,
		0.0,
		0.0,
		0.0,
		0.0,
		0.0,
		0.0,
		0.0,
		0.0,
		0.0,
		0.0,
		0.0,
		0.0,
		0.0,
		0.0,
		0.0,
		0.0,
		0.0,
		0.0,
		0.0,
		0.0,
		0.489735668904284,
		0.7125114135564884,
		1.0178387571709988,
		1.4276548037003922,
		1.9661855808566906,
		2.658782866996368,
		3.5301918262412952,
		4.602256368486144,
		5.8911540372861495,
		7.404351345942557,
		9.137570213699366,
		11.072138371982044,
		13.173141322706476,
		15.388782664071254,
		17.651281867254472,
		19.879492943261766,
		20.0,
		20.0,
		20.0,
		20.0,
		20.0,
		20.0,
		20.0,
		20.0,
		20.0,
		20.0,
		20.0,
		19.879492943261766,
		17.651281867254472,
		15.388782664071254,
		13.173141322706476,
		11.072138371982044,
		9.137570213699366,
		7.404351345942557,
		5.8911540372861495,
		4.602256368486144,
		3.5301918262412952,
		2.658782866996368,
		1.9661855808566906,
		1.4276548037003922,
		1.0178387571709988,
		0.7125114135564884,
		2.533676839807921,
		1.9653171087254684,
		1.5036642737723738
	],
	[
		17.326997981431482,
		17.873826882603193,
		18.05991165026092,
		17.873826882603193,
		17.326997981431482,
		16.45253995106229,
		15.301937895691285,
		13.940031902309869,
		12.43898522653899,
		10.872013627174336,
		9.30762496564482,
		7.804976778786434,
		6.410740632839627,
		5.157611782201842,
		4.064367256080886,
		3.1371919370188412,
		2.3718820482107374,
		1.7565031694777395,
		0.0,
		0.0,
		0.0,
		0.0,
		0.0,
		0.0,
		0.0,
		0.0,
		0.0,
		0.0,
		0.0,
		0.0,
		0.0,
		0.0,
		0.0,
		0.0,
		0.0,
		0.0,
		0.0,
		0.0,
		0.0,
		0.0,
		0.0,
		0.0,
		0.0,
		0.0,
		0.0,
		0.0,
		0.0,
		0.0,
		0.0,
		0.0,
		0.0,
		0.0,
		0.0,
		0.0,
		0.0,
		0.5126477600423033,
		0.7458459805093314,
		1.0654579441097147,
		1.4944470735981512,
		2.058172801888885,
		2.7831729803428624,
		3.695350465877445,
		4.817571127141988,
		6.166769367720232,
		7.750761018808981,
		9.565067851322425,
		11.590144021926228,
		13.789441571440959,
		16.108740823727548,
		18.47709016451461,
		20.0,
		20.0,
		20.0,
		20.0,
		20.0,
		20.0,
		20.0,
		20.0,
		20.0,
		20.0,
		20.0,
		20.0,
		20.0,
		18.47709016451461,
		16.108740823727548,
		13.789441571440959,
		11.590144021926228,
		9.565067851322425,
		7.750761018808981,
		6.166769367720232,
		4.817571127141988,
		3.695350465877445,
		2.7831729803428624,
		2.058172801888885,
		1.4944470735981512,
		1.0654579441097147,
		0.7458459805093314,
		2.73242744779084,
		2.1194835612506577,
		1.621617038670801
	],
	[
		19.824319514517935,
		20.0,
		20.0,
		20.0,
		19.824319514517935,
		18.823826791274556,
		17.507389702508224,
		15.949193667022817,
		14.231802752648827,
		12.43898522653899,
		10.649122914308952,
		8.929899664781532,
		7.334713766707333,
		5.900972806240524,
		4.650160125558889,
		3.589352027655332,
		2.7137388499074686,
		2.0096660770265387,
		0.0,
		0.0,
		0.0,
		0.0,
		0.0,
		0.0,
		0.0,
		0.0,
		0.0,
		0.0,
		0.0,
		0.0,
		0.0,
		0.0,
		0.0,
		0.0,
		0.0,
		0.0,
		0.0,
		0.0,
		0.0,
		0.0,
		0.0,
		0.0,
		0.0,
		0.0,
		0.0,
		0.0,
		0.0,
		0.0,
		0.0,
		0.0,
		0.0,
		0.0,
		0.0,
		0.0,
		0.0,
		0.5269063844665202,
		0.7665907072853085,
		1.0950922580558151,
		1.5360131569894988,
		2.1154181763343907,
		2.8605832829472515,
		3.79813178770445,
		4.951565543372734,
		6.338289961739471,
		7.96633826108531,
		9.831107656261596,
		11.91250866196209,
		14.172976785504186,
		16.556784301638437,
		18.99100617009018,
		20.0,
		20.0,
		20.0,
		20.0,
		20.0,
		20.0,
		20.0,
		20.0,
		20.0,
		20.0,
		20.0,
		20.0,
		20.0,
		18.99100617009018,
		16.556784301638437,
		14.172976785504186,
		11.91250866196209,
		9.831107656261596,
		7.96633826108531,
		6.338289961739471,
		4.951565543372734,
		3.79813178770445,
		2.8605832829472515,
		2.1154181763343907,
		1.5360131569894988,
		1.0950922580558151,
		0.7665907072853085,
		2.9065840772795624,
		2.2545730083950275,
		1.7249739852586126
	],
	[
		20.0,
		20.0,
		20.0,
		20.0,
		20.0,
		20.0,
		19.6200547339215,
		17.873826882603193,
		15.949193667022817,
		13.940031902309869,
		11.934181965291245,
		10.007495301617688,
		8.21981391890924,
		6.613059479976868,
		5.211307781187594,
		4.022489042545298,
		3.0412132061654886,
		2.25217802871647,
		0.0,
		0.0,
		0.0,
		0.0,
		0.0,
		0.0,
		0.0,
		0.0,
		0.0,
		0.0,
		0.0,
		0.0,
		0.0,
		0.0,
		0.0,
		0.0,
		0.0,
		0.0,
		0.0,
		0.0,
		0.0,
		0.0,
		0.0,
		0.0,
		0.0,
		0.0,
		0.0,
		0.0,
		0.0,
		0.0,
		0.0,
		0.0,
		0.0,
		0.0,
		0.0,
		0.0,
		0.0,
		0.5317468507617742,
		0.7736330521690706,
		1.1051524078691064,
		1.5501238607779948,
		2.1348516291920214,
		2.886862252749246,
		3.8330236194326432,
		4.997053483598974,
		6.396517153198557,
		8.039521644293732,
		9.92142188789371,
		12.021943845080115,
		14.303177934049979,
		16.708884482491275,
		19.165468518600832,
		20.0,
		20.0,
		20.0,
		20.0,
		20.0,
		20.0,
		20.0,
		20.0,
		20.0,
		20.0,
		20.0,
		20.0,
		20.0,
		19.165468518600832,
		16.708884482491275,
		14.303177934049979,
		12.021943845080115,
		9.92142188789371,
		8.039521644293732,
		6.396517153198557,
		4.997053483598974,
		3.8330236194326432,
		2.886862252749246,
		2.1348516291920214,
		1.5501238607779948,
		1.1051524078691064,
		0.7736330521690706,
		3.0496779104469014,
		2.3655677311861942,
		1.8098960563571445
	],
	[
		20.0,
		20.0,
		20.0,
		20.0,
		20.0,
		20.0,
		20.0,
		19.6200547339215,
		17.507389702508224,
		15.301937895691285,
		13.100121473789889,
		10.985202377578618,
		9.022869028043356,
		7.259138728825355,
		5.720439420935031,
		4.415476086889564,
		3.338332073730003,
		2.472210147506862,
		0.0,
		0.0,
		0.0,
		0.0,
		0.0,
		0.0,
		0.0,
		0.0,
		0.0,
		0.0,
		0.0,
		0.0,
		0.0,
		0.0,
		0.0,
		0.0,
		0.0,
		0.0,
		0.0,
		0.0,
		0.0,
		0.0,
		0.0,
		0.0,
		0.0,
		0.0,
		0.0,
		0.0,
		0.0,
		0.0,
		0.0,
		0.0,
		0.0,
		0.0,
		0.0,
		0.0,
		0.0,
		0.5269063844665202,
		0.7665907072853085,
		1.0950922580558151,
		1.5360131569894988,
		2.1154181763343907,
		2.8605832829472515,
		3.79813178770445,
		4.951565543372734,
		6.338289961739471,
		7.96633826108531,
		9.831107656261596,
		11.91250866196209,
		14.172976785504186,
		16.556784301638437,
		18.99100617009018,
		20.0,
		20.0,
		20.0,
		20.0,
		20.0,
		20.0,
		20.0,
		20.0,
		20.0,
		20.0,
		20.0,
		20.0,
		20.0,
		18.99100617009018,
		16.556784301638437,
		14.172976785504186,
		11.91250866196209,
		9.831107656261596,
		7.96633826108531,
		6.338289961739471,
		4.951565543372734,
		3.79813178770445,
		2.8605832829472515,
		2.1154181763343907,
		1.5360131569894988,
		1.0950922580558151,
		0.7665907072853085,
		3.156180928160074,
		2.4481797673993286,
		1.8731025317324281
	],
	[
		20.0,
		20.0,
		20.0,
		20.0,
		20.0,
		20.0,
		20.0,
		20.0,
		18.823826791274556,
		16.45253995106229,
		14.08516185208058,
		11.811215168930191,
		9.701327646799959,
		7.804976778786434,
		6.150577708008232,
		4.747489972689427,
		3.589352027655332,
		2.6581036007688437,
		0.0,
		0.0,
		0.0,
		0.0,
		0.0,
		0.0,
		0.0,
		0.0,
		0.0,
		0.0,
		0.0,
		0.0,
		0.0,
		0.0,
		0.0,
		0.0,
		0.0,
		0.0,
		0.0,
		0.0,
		0.0,
		0.0,
		0.0,
		0.0,
		0.0,
		0.0,
		0.0,
		0.0,
		0.0,
		0.0,
		0.0,
		0.0,
		0.0,
		0.0,
		0.0,
		0.0,
		0.0,
		0.5126477600423033,
		0.7458459805093314,
		1.0654579441097147,
		1.4944470735981512,
		2.058172801888885,
		2.7831729803428624,
		3.695350465877445,
		4.817571127141988,
		6.166769367720232,
		7.750761018808981,
		9.565067851322425,
		11.590144021926228,
		13.789441571440959,
		16.108740823727548,
		18.47709016451461,
		20.0,
		20.0,
		20.0,
		20.0,
		20.0,
		20.0,
		20.0,
		20.0,
		20.0,
		20.0,
		20.0,
		20.0,
		20.0,
		18.47709016451461,
		16.108740823727548,
		13.789441571440959,
		11.590144021926228,
		9.565067851322425,
		7.750761018808981,
		6.166769367720232,
		4.817571127141988,
		3.695350465877445,
		2.7831729803428624,
		2.058172801888885,
		1.4944470735981512,
		1.0654579441097147,
		0.7458459805093314,
		3.221859825255758,
		2.4991254358114663,
		1.9120810666236574
	],
	[
		20.0,
		20.0,
		20.0,
		20.0,
		20.0,
		20.0,
		20.0,
		20.0,
		19.824319514517935,
		17.326997981431482,
		14.833792940486259,
		12.43898522653899,
		10.216956473183032,
		8.21981391890924,
		6.477482981247229,
		4.999820661024721,
		3.780127294802,
		2.7993827009053254,
		0.0,
		0.0,
		0.0,
		0.0,
		0.0,
		0.0,
		0.0,
		0.0,
		0.0,
		0.0,
		0.0,
		0.0,
		0.0,
		0.0,
		0.0,
		0.0,
		0.0,
		0.0,
		0.0,
		0.0,
		0.0,
		0.0,
		0.0,
		0.0,
		0.0,
		0.0,
		0.0,
		0.0,
		0.0,
		0.0,
		0.0,
		0.0,
		0.0,
		0.0,
		0.0,
		0.0,
		0.0,
		0.489735668904284,
		0.7125114135564884,
		1.0178387571709988,
		1.4276548037003922,
		1.9661855808566906,
		2.658782866996368,
		3.5301918262412952,
		4.602256368486144,
		5.8911540372861495,
		7.404351345942557,
		9.137570213699366,
		11.072138371982044,
		13.173141322706476,
		15.388782664071254,
		17.651281867254472,
		19.879492943261766,
		20.0,
		20.0,
		20.0,
		20.0,
		20.0,
		20.0,
		20.0,
		20.0,
		20.0,
		20.0,
		20.0,
		19.879492943261766,
		17.651281867254472,
		15.388782664071254,
		13.173141322706476,
		11.072138371982044,
		9.137570213699366,
		7.404351345942557,
		5.8911540372861495,
		4.602256368486144,
		3.5301918262412952,
		2.658782866996368,
		1.9661855808566906,
		1.4276548037003922,
		1.0178387571709988,
		0.7125114135564884,
		3.2440551212083615,
		2.516341836176157,
		1.9252533358907444
	],
	[
		20.0,
		20.0,
		20.0,
		20.0,
		20.0,
		20.0,
		20.0,
		20.0,
		20.0,
		17.873826882603193,
		15.301937895691285,
		12.83155159206918,
		10.539397041799543,
		8.479225954273359,
		6.681908173931489,
		5.157611782201842,
		3.8994256785797896,
		2.887729416703158,
		0.0013157183617066544,
		0.0016241504558100511,
		0.0019558213839755926,
		0.002297585761089867,
		0.0026330183216151386,
		0.002943578622357012,
		0.003210236352859084,
		0.003415371780043063,
		0.0035446925464475434,
		0.003588878597393429,
		0.0035446925464475434,
		0.003415371780043063,
		0.003210236352859084,
		0.002943578622357012,
		0.0026330183216151386,
		0.002297585761089867,
		0.0019558213839755926,
		0.0016241504558100511,
		0.0013157183617066544,
		0.0010397746426549612,
		0.0008015952173812325,
		0.0006028518831697043,
		0.0004422885897446851,
		0.0003165486445211011,
		0.0002210114581897248,
		0.00015053196500865767,
		0.00010001894765088797,
		6.482991315909146e-05,
		0.0,
		0.0,
		0.0,
		0.0,
		0.0,
		0.0,
		0.0,
		0.0,
		0.0,
		0.4593687810237239,
		0.6683309391027927,
		0.9547259447253502,
		1.3391306546362447,
		1.8442689207534249,
		2.4939205415678876,
		3.311296315476914,
		4.316885683822522,
		5.525863074229217,
		6.945232026221419,
		8.570979728671032,
		10.38559171857555,
		12.356318430315554,
		14.434575185527372,
		16.556784301638437,
		18.646831383851435,
		20.0,
		20.0,
		20.0,
		20.0,
		20.0,
		20.0,
		20.0,
		20.0,
		20.0,
		20.0,
		20.0,
		18.646831383851435,
		16.556784301638437,
		14.434575185527372,
		12.356318430315554,
		10.38559171857555,
		8.570979728671032,
		6.945232026221419,
		5.525863074229217,
		4.316885683822522,
		3.311296315476914,
		2.4939205415678876,
		1.8442689207534249,
		1.3391306546362447,
		0.9547259447253502,
		0.6683309391027927,
		3.221859825255758,
		2.4991254358114663,
		1.9120810666236574
	],
	[
		20.0,
		20.0,
		20.0,
		20.0,
		20.0,
		20.0,
		20.0,
		20.0,
		20.0,
		18.05991165026092,
		15.461246675883405,
		12.965141131253,
		10.649122914308952,
		8.567503344559265,
		6.751473653010091,
		5.211307781187594,
		3.9400226769821476,
		2.917793625173736,
		0.002536958101202071,
		0.0031316745105644493,
		0.0037711998623664415,
		0.004430187325380689,
		0.0050769658279834155,
		0.005675785829139945,
		0.006189953229500523,
		0.0065854937942479005,
		0.006834849108829012,
		0.00692004831495842,
		0.006834849108829012,
		0.0065854937942479005,
		0.006189953229500523,
		0.005675785829139945,
		0.0050769658279834155,
		0.004430187325380689,
		0.0037711998623664415,
		0.0031316745105644493,
		0.002536958101202071,
		0.002004885528606856,
		0.001545629778991833,
		0.001162414399118415,
		0.0008528174824333633,
		0.0006103666799182289,
		0.0004261526065392977,
		0.0002902545858090911,
		0.00019285577134265115,
		0.00012500454365921008,
		0.0,
		0.0,
		0.0,
		0.0,
		0.0,
		0.0,
		0.0,
		0.0,
		0.0,
		0.42307589960544323,
		0.6155287972877329,
		0.8792968843924852,
		1.2333313229011005,
		1.6985606445071386,
		2.2968859013817853,
		3.049684100013393,
		3.97582589332023,
		5.089286838378528,
		6.396517153198557,
		7.893821062733998,
		9.565067851322425,
		11.380095364920088,
		13.294157405363624,
		15.248699307294032,
		17.173620168381735,
		18.99100617009018,
		20.0,
		20.0,
		20.0,
		20.0,
		20.0,
		20.0,
		20.0,
		20.0,
		20.0,
		18.99100617009018,
		17.173620168381735,
		15.248699307294032,
		13.294157405363624,
		11.380095364920088,
		9.565067851322425,
		7.893821062733998,
		6.396517153198557,
		5.089286838378528,
		3.97582589332023,
		3.049684100013393,
		2.2968859013817853,
		1.6985606445071386,
		1.2333313229011005,
		0.8792968843924852,
		0.6155287972877329,
		3.156180928160074,
		2.4481797673993286,
		1.8731025317324281
	],
	[
		20.0,
		20.0,
		20.0,
		20.0,
		20.0,
		20.0,
		20.0,
		20.0,
		20.0,
		17.873826882603193,
		15.301937895691285,
		12.83155159206918,
		10.539397041799543,
		8.479225954273359,
		6.681908173931489,
		5.157611782201842,
		3.8994256785797896,
		2.887729416703158,
		0.004772031073879218,
		0.005890695660526669,
		0.007093646095493099,
		0.00833320486050022,
		0.009549798508962468,
		0.01067618197261736,
		0.011643333464214253,
		0.012387347275502595,
		0.012856385888735574,
		0.0130166460282021,
		0.012856385888735574,
		0.012387347275502595,
		0.011643333464214253,
		0.01067618197261736,
		0.009549798508962468,
		0.00833320486050022,
		0.007093646095493099,
		0.005890695660526669,
		0.004772031073879218,
		0.0037711998623664415,
		0.0029073374647248886,
		0.0021865073887855613,
		0.0016041540160206588,
		0.001148102825052638,
		0.0008015952173812325,
		0.0005459703501451718,
		0.0003627626854333976,
		0.00023513418153622398,
		0.0,
		0.0,
		0.0,
		0.0,
		0.0,
		0.0,
		0.0,
		0.0,
		0.0,
		0.38258872316430736,
		0.5566244185612923,
		0.7951506398634537,
		1.1153049760275382,
		1.5360131569894988,
		2.0770803656820975,
		2.7578378890566384,
		3.595350511498169,
		4.602256368486144,
		5.784388410266564,
		7.138404537094697,
		8.649717697534216,
		10.291052171048346,
		12.021943845080115,
		13.789441571440959,
		15.530152907451102,
		17.173620168381735,
		18.646831383851435,
		19.879492943261766,
		20.0,
		20.0,
		20.0,
		20.0,
		20.0,
		19.879492943261766,
		18.646831383851435,
		17.173620168381735,
		15.530152907451102,
		13.789441571440959,
		12.021943845080115,
		10.291052171048346,
		8.649717697534216,
		7.138404537094697,
		5.784388410266564,
		4.602256368486144,
		3.595350511498169,
		2.7578378890566384,
		2.0770803656820975,
		1.5360131569894988,
		1.1153049760275382,
		0.7951506398634537,
		0.5566244185612923,
		3.0496779104469014,
		2.3655677311861942,
		1.8098960563571445
	],
	[
		20.0,
		20.0,
		20.0,
		20.0,
		20.0,
		20.0,
		20.0,
		20.0,
		19.824319514517935,
		17.326997981431482,
		14.833792940486259,
		12.43898522653899,
		10.216956473183032,
		8.21981391890924,
		6.477482981247229,
		4.999820661024721,
		3.780127294802,
		2.7993827009053254,
		0.008756546138343688,
		0.010809264973291814,
		0.0130166460282021,
		0.015291202364682455,
		0.01752361834216592,
		0.01959050110471749,
		0.021365197565788873,
		0.02273044250347854,
		0.023591115494465683,
		0.02388518845494106,
		0.023591115494465683,
		0.02273044250347854,
		0.021365197565788873,
		0.01959050110471749,
		0.01752361834216592,
		0.015291202364682455,
		0.0130166460282021,
		0.010809264973291814,
		0.008756546138343688,
		0.00692004831495842,
		0.005334884508390987,
		0.0040121810892077905,
		0.002943578622357012,
		0.002106737195020752,
		0.0014709052385881544,
		0.001001840618218669,
		0.0006656595782987566,
		0.00043146477410715593,
		0.0,
		0.0,
		0.0,
		0.0,
		0.0,
		0.0,
		0.0,
		0.0,
		0.0,
		0.33970591760466395,
		0.49423466354317996,
		0.7060254560423758,
		0.9902950017890881,
		1.3638477230387793,
		1.8442689207534249,
		2.448723116976325,
		3.1923623741893588,
		4.086408270943906,
		5.136039965944049,
		6.338289961739471,
		7.680206209842332,
		9.137570213699366,
		10.674453317670816,
		12.24383945124932,
		13.789441571440959,
		15.248699307294032,
		16.556784301638437,
		17.651281867254472,
		18.47709016451461,
		18.99100617009018,
		19.165468518600832,
		18.99100617009018,
		18.47709016451461,
		17.651281867254472,
		16.556784301638437,
		15.248699307294032,
		13.789441571440959,
		12.24383945124932,
		10.674453317670816,
		9.137570213699366,
		7.680206209842332,
		6.338289961739471,
		5.136039965944049,
		4.086408270943906,
		3.1923623741893588,
		2.448723116976325,
		1.8442689207534249,
		1.3638477230387793,
		0.9902950017890881,
		0.7060254560423758,
		0.49423466354317996,
		2.9065840772795624,
		2.2545730083950275,
		1.7249739852586126
	],
	[
		20.0,
		20.0,
		20.0,
		20.0,
		20.0,
		20.0,
		20.0,
		20.0,
		18.823826791274556,
		16.45253995106229,
		14.08516185208058,
		11.811215168930191,
		9.701327646799959,
		7.804976778786434,
		6.150577708008232,
		4.747489972689427,
		3.589352027655332,
		2.6581036007688437,
		0.015674800667959843,
		0.019349304068825228,
		0.023300663142060724,
		0.02737227044236993,
		0.031368443694035214,
		0.03506830146845746,
		0.03824512630714774,
		0.04068900565445335,
		0.042229667618757474,
		0.04275607779971951,
		0.042229667618757474,
		0.04068900565445335,
		0.03824512630714774,
		0.03506830146845746,
		0.031368443694035214,
		0.02737227044236993,
		0.023300663142060724,
		0.019349304068825228,
		0.015674800667959843,
		0.012387347275502595,
		0.009549798508962468,
		0.0071820713125353135,
		0.005269201740840871,
		0.0037711998623664415,
		0.0026330183216151386,
		0.0017933614171093313,
		0.0011915749700514716,
		0.0007723506760001197,
		0.0,
		0.0,
		0.0,
		0.0,
		0.0,
		0.0,
		0.0,
		0.0,
		0.0,
		0.29616322344356716,
		0.4308848433510049,
		0.6155287972877329,
		0.8633613507764302,
		1.1890329753142594,
		1.6078749299350559,
		2.1348516291920214,
		2.7831729803428624,
		3.5626222067689546,
		4.47771461496641,
		5.525863074229217,
		6.69577569874802,
		7.96633826108531,
		9.306227354974592,
		10.674453317670816,
		12.021943845080115,
		13.294157405363624,
		14.434575185527372,
		15.388782664071254,
		16.108740823727548,
		16.556784301638437,
		16.708884482491275,
		16.556784301638437,
		16.108740823727548,
		15.388782664071254,
		14.434575185527372,
		13.294157405363624,
		12.021943845080115,
		10.674453317670816,
		9.306227354974592,
		7.96633826108531,
		6.69577569874802,
		5.525863074229217,
		4.47771461496641,
		3.5626222067689546,
