[
	[
		20.0,
		20.0,
		20.0,
		20.0,
		20.0,
		20.0,
		20.0,
		20.0,
		20.0,
		20.0,
		19.135132905329243,
		17.03434769548837,
		0.3736655686543934,
		0.31354332156305553,
		0.2560891493671242,
		0.2035935195096525,
		0.15754908028163828,
		0.11867163998582521,
		0.08700759527643068,
		0.06209355673509249,
		0.04313353559106262,
		0.029165050233283918,
		0.01919506332511835,
		0.012296896546204274,
		0.007667974132888649,
		0.0046541985732603715,
		18.33334219051192,
		18.4437799688338,
		18.33334219051192,
		18.00598072081038,
		17.473316405848138,
		16.753954268657324,
		15.87240492350494,
		14.857699386728962,
		13.74180634593114,
		12.557971846924142,
		11.339100651291837,
		10.116286950066126,
		8.91758162376793,
		7.767056615681155,
		0.0,
		0.0,
		0.0,
		0.0,
		0.0,
		0.0,
		0.0,
		0.0,
		0.0,
		0.0
	],
	[
		20.0,
		20.0,
		20.0,
		20.0,
		20.0,
		20.0,
		20.0,
		20.0,
		20.0,
		20.0,
		19.891466750104573,
		17.70764605978561,
		0.5832800353965256,
		0.48943112515885556,
		0.39974699474030906,
		0.3178029907698777,
		0.24592908962494964,
		0.18524264523691483,
		0.13581608130328438,
		0.09692606172081975,
		0.06733007340476166,
		0.04552571325656523,
		0.029962881664563953,
		0.01919506332511835,
		0.011969463067622551,
		0.007265055537039904,
		20.0,
		20.0,
		20.0,
		19.941493238481353,
		19.35157136752636,
		18.554883010627776,
		17.578573495566115,
		16.454794462676148,
		15.218951001940912,
		13.907862868310694,
		12.557971846924142,
		11.203714529146817,
		9.876157061994805,
		8.601958948311966,
		0.0,
		0.0,
		0.0,
		0.0,
		0.0,
		0.0,
		0.0,
		0.0,
		0.0,
		0.0
	],
	[
		20.0,
		20.0,
		20.0,
		20.0,
		20.0,
		20.0,
		20.0,
		20.0,
		20.0,
		20.0,
		20.0,
		18.12433278703331,
		0.8862378437767617,
		0.7436434623433406,
		0.6073770627757754,
		0.4828710399700753,
		0.3736655686543934,
		0.2814583605260236,
		0.2063594564189144,
		0.14726981678163628,
		0.10230156263620759,
		0.06917193715617075,
		0.04552571325656523,
		0.029165050233283918,
		0.018186446469068664,
		0.011038552261929568,
		20.0,
		20.0,
		20.0,
		20.0,
		20.0,
		20.0,
		19.23569791032408,
		18.00598072081038,
		16.65363483898166,
		15.218951001940912,
		13.74180634593114,
		12.25988378468457,
		10.807178057273171,
		9.412861846183,
		0.0,
		0.0,
		0.0,
		0.0,
		0.0,
		0.0,
		0.0,
		0.0,
		0.0,
		0.0
	],
	[
		20.0,
		20.0,
		20.0,
		20.0,
		20.0,
		20.0,
		20.0,
		20.0,
		20.0,
		20.0,
		20.0,
		18.265396022550426,
		1.3106979508324785,
		1.0998085548792087,
		0.8982779026567821,
		0.7141402130922192,
		0.5526312135857452,
		0.41626172813158924,
		0.30519450118551494,
		0.2178041125535455,
		0.15129849109446672,
		0.10230156263620759,
		0.06733007340476166,
		0.04313353559106262,
		0.026896773013382246,
		0.01632542317106553,
		20.0,
		20.0,
		20.0,
		20.0,
		20.0,
		20.0,
		20.0,
		19.46814283205578,
		18.00598072081038,
		16.454794462676148,
		14.857699386728962,
		13.255438419346582,
		11.684766816799307,
		10.177226207296055,
		0.0,
		0.0,
		0.0,
		0.0,
		0.0,
		0.0,
		0.0,
		0.0,
		0.0,
		0.0
	],
	[
		20.0,
		20.0,
		20.0,
		20.0,
		20.0,
		20.0,
		20.0,
		20.0,
		20.0,
		20.0,
		20.0,
		18.12433278703331,
		1.886835763805307,
		1.5832466308252813,
		1.2931300239634425,
		1.0280517289113875,
		0.7955489190522012,
		0.5992360903923232,
		0.43934752426201884,
		0.31354332156305553,
		0.2178041125535455,
		0.14726981678163628,
		0.09692606172081975,
		0.06209355673509249,
		0.038719670859613205,
		0.02350151862132521,
		20.0,
		20.0,
		20.0,
		20.0,
		20.0,
		20.0,
		20.0,
		20.0,
		19.23569791032408,
		17.578573495566115,
		15.87240492350494,
		14.160717655815585,
		12.48277714641554,
		10.872279156798383,
		0.0,
		0.0,
		0.0,
		0.0,
		0.0,
		0.0,
		0.0,
		0.0,
		0.0,
		0.0
	],
	[
		20.0,
		20.0,
		20.0,
		20.0,
		20.0,
		20.0,
		20.0,
		20.0,
		20.0,
		20.0,
		19.891466750104573,
		17.70764605978561,
		2.6438981936669452,
		2.2184988156712535,
		1.8119775976888992,
		1.4405409104517382,
		1.1147500966453165,
		0.8396699105242228,
		0.6156286350253083,
		0.43934752426201884,
		0.30519450118551494,
		0.2063594564189144,
		0.13581608130328438,
		0.08700759527643068,
		0.05425531453710197,
		0.03293112406669605,
		20.0,
		20.0,
		20.0,
		20.0,
		20.0,
		20.0,
		20.0,
		20.0,
		20.0,
		18.554883010627776,
		16.753954268657324,
		14.947200324102724,
		13.176067424236642,
		11.476122784602776,
		0.0,
		0.0,
		0.0,
		0.0,
		0.0,
		0.0,
		0.0,
		0.0,
		0.0,
		0.0
	],
	[
		20.0,
		20.0,
		20.0,
		20.0,
		20.0,
		20.0,
		20.0,
		20.0,
		20.0,
		20.0,
		19.135132905329243,
		17.03434769548837,
		3.6060729365199435,
		3.025861040359495,
		2.4713974964156566,
		1.9647865426788798,
		1.5204330348742827,
		1.1452449066323436,
		0.8396699105242228,
		0.5992360903923232,
		0.41626172813158924,
		0.2814583605260236,
		0.18524264523691483,
		0.11867163998582521,
		0.07400005865704928,
		0.044915509814464745,
		20.0,
		20.0,
		20.0,
		20.0,
		20.0,
		20.0,
		20.0,
		20.0,
		20.0,
		19.35157136752636,
		17.473316405848138,
		15.588986125695904,
		13.74180634593114,
		11.968871426542194,
		0.0,
		0.0,
		0.0,
		0.0,
		0.0,
		0.0,
		0.0,
		0.0,
		0.0,
		0.0
	],
	[
		20.0,
		20.0,
		20.0,
		20.0,
		20.0,
		20.0,
		20.0,
		20.0,
		20.0,
		20.0,
		18.12433278703331,
		16.134520098215795,
		4.787440998077425,
		4.017148697242425,
		3.2810400413876324,
		2.6084607306831846,
		2.0185347257598845,
		1.5204330348742827,
		1.1147500966453165,
		0.7955489190522012,
		0.5526312135857452,
		0.3736655686543934,
		0.24592908962494964,
		0.15754908028163828,
		0.09824285889702013,
		0.05963006209819854,
		20.0,
		20.0,
		20.0,
		20.0,
		20.0,
		20.0,
		20.0,
		20.0,
		20.0,
		19.941493238481353,
		18.00598072081038,
		16.064207681966735,
		14.160717655815585,
		12.333735803241543,
		0.0,
		0.0,
		0.0,
		0.0,
		0.0,
		0.0,
		0.0,
		0.0,
		0.0,
		0.0
	],
	[
		20.0,
		20.0,
		20.0,
		20.0,
		20.0,
		20.0,
		20.0,
		20.0,
		20.0,
		18.69520741954939,
		16.90279181803121,
		15.047088216074528,
		6.186592524063007,
		5.19117877554833,
		4.239938998590628,
		3.3707953084407998,
		2.6084607306831846,
		1.9647865426788798,
		1.4405409104517382,
		1.0280517289113875,
		0.7141402130922192,
		0.4828710399700753,
		0.3178029907698777,
		0.2035935195096525,
		0.12695478370155622,
		0.07705722045123406,
		20.0,
		20.0,
		20.0,
		20.0,
		20.0,
		20.0,
		20.0,
		20.0,
		20.0,
		20.0,
		18.33334219051192,
		16.35626634391351,
		14.418169522265643,
		12.557971846924142,
		0.0,
		0.0,
		0.0,
		0.0,
		0.0,
		0.0,
		0.0,
		0.0,
		0.0,
		0.0
	],
	[
		20.0,
		20.0,
		20.0,
		20.0,
		20.0,
		20.0,
		20.0,
		20.0,
		18.69520741954939,
		17.16692748361543,
		15.521036750165347,
		13.817031629978127,
		7.781776260777262,
		6.529699766695245,
		5.333187294628461,
		4.239938998590628,
		3.2810400413876324,
		2.4713974964156566,
		1.8119775976888992,
		1.2931300239634425,
		0.8982779026567821,
		0.6073770627757754,
		0.39974699474030906,
		0.2560891493671242,
		0.15968947658315508,
		0.09692606172081975,
		20.0,
		20.0,
		20.0,
		20.0,
		20.0,
		20.0,
		20.0,
		20.0,
		20.0,
		20.0,
		18.4437799688338,
		16.454794462676148,
		14.505022786278317,
		12.633619510977496,
		0.0,
		0.0,
		0.0,
		0.0,
		0.0,
		0.0,
		0.0,
		0.0,
		0.0,
		0.0
	],
	[
		19.135132905329243,
		19.891466750104573,
		20.0,
		20.0,
		20.0,
		19.891466750104573,
		19.135132905329243,
		18.12433278703331,
		16.90279181803121,
		15.521036750165347,
		14.032946899199468,
		12.492314417461639,
		9.527635132118823,
		7.994652482226438,
		6.529699766695245,
		5.19117877554833,
		4.017148697242425,
		3.025861040359495,
		2.2184988156712535,
		1.5832466308252813,
		1.0998085548792087,
		0.7436434623433406,
		0.48943112515885556,
		0.31354332156305553,
		0.1955161670468494,
		0.11867163998582521,
		20.0,
		20.0,
		20.0,
		20.0,
		20.0,
		20.0,
		20.0,
		20.0,
		20.0,
		20.0,
		18.33334219051192,
		16.35626634391351,
		14.418169522265643,
		12.557971846924142,
		0.0,
		0.0,
		0.0,
		0.0,
		0.0,
		0.0,
		0.0,
		0.0,
		0.0,
		0.0
	],
	[
		17.03434769548837,
		17.70764605978561,
		18.12433278703331,
		18.265396022550426,
		18.12433278703331,
		17.70764605978561,
		17.03434769548837,
		16.134520098215795,
		15.047088216074528,
		13.817031629978127,
		12.492314417461639,
		11.120823062020033,
		11.354568746120735,
		9.527635132118823,
		7.781776260777262,
		6.186592524063007,
		4.787440998077425,
		3.6060729365199435,
		2.6438981936669452,
		1.886835763805307,
		1.3106979508324785,
		0.8862378437767617,
		0.5832800353965256,
		0.3736655686543934,
		0.23300658861584453,
		0.1414270462448202,
		20.0,
		20.0,
		20.0,
		20.0,
		20.0,
		20.0,
		20.0,
		20.0,
		20.0,
		19.941493238481353,
		18.00598072081038,
		16.064207681966735,
		14.160717655815585,
		12.333735803241543,
		11.949642286480678,
		10.860997596456826,
		9.701564357539427,
		8.516694305060202,
		7.34780441922351,
		6.230190918114882,
		5.191613601252542,
		4.251680354425362,
		3.4219691497363267,
		2.7067541549322165
	],
	[
		14.930879898102638,
		15.521036750165347,
		15.886269372563714,
		16.009913568701716,
		15.886269372563714,
		15.521036750165347,
		14.930879898102638,
		14.142166527679102,
		13.189014982350526,
		12.110850588668471,
		10.949714632504353,
		9.747580387304682,
		13.171502562728532,
		11.052226937488928,
		9.026999461906104,
		7.176557833875712,
		5.5535170718511,
		4.183109018648183,
		3.0669691304106186,
		2.188763188993878,
		1.5204330348742827,
		1.0280517289113875,
		0.6766152597066704,
		0.433458734116719,
		0.2702918047974972,
		0.16405789983782512,
		20.0,
		20.0,
		20.0,
		20.0,
		20.0,
		20.0,
		20.0,
		20.0,
		20.0,
		19.35157136752636,
		17.473316405848138,
		15.588986125695904,
		13.74180634593114,
		11.968871426542194,
		13.850593265999239,
		12.588766806995586,
		11.2448907455763,
		9.871531378282121,
		8.516694305060202,
		7.221290671935725,
		6.017496311712275,
		4.928038335742393,
		3.9663365417571774,
		3.1373450327826458
	],
	[
		12.885793476036746,
		13.395116393778144,
		13.710323010873413,
		13.817031629978127,
		13.710323010873413,
		13.395116393778144,
		12.885793476036746,
		12.205110376820464,
		11.382512241393087,
		10.45202429928803,
		9.449929430744305,
		8.412451819255198,
		14.872334577466587,
		12.479397552223823,
		10.19265308484801,
		8.103264506963619,
		6.27064099793429,
		4.723272580563207,
		3.463005896935388,
		2.4713974964156566,
		1.716766078098762,
		1.1608037277825836,
		0.7639863770024192,
		0.48943112515885556,
		0.30519450118551494,
		0.18524264523691483,
		20.0,
		20.0,
		20.0,
		20.0,
		20.0,
		20.0,
		20.0,
		20.0,
		20.0,
		18.554883010627776,
		16.753954268657324,
		14.947200324102724,
		13.176067424236642,
		11.476122784602776,
		15.77753259035683,
		14.34015675396024,
		12.809316309133017,
		11.2448907455763,
		9.701564357539427,
		8.225939981978525,
		6.8546698576050495,
		5.613642964996423,
		4.518146107540207,
		3.5738226190956754
	],
	[
		10.949714632504353,
		11.382512241393087,
		11.650359348665818,
		11.741035094028192,
		11.650359348665818,
		11.382512241393087,
		10.949714632504353,
		10.371303554797144,
		9.672300047026333,
		8.881617078687288,
		8.03008605999944,
		7.1484885235695845,
		16.345647278352104,
		13.71565638013831,
		11.202377897546821,
		8.906006164943316,
		6.891835671630487,
		5.19117877554833,
		3.806065054502125,
		2.7162239761751037,
		1.886835763805307,
		1.27579756862641,
		0.8396699105242228,
		0.5379161218585506,
		0.33542828408590153,
		0.2035935195096525,
		20.0,
		20.0,
		20.0,
		20.0,
		20.0,
		20.0,
		20.0,
		20.0,
		19.23569791032408,
		17.578573495566115,
		15.87240492350494,
		14.160717655815585,
		12.48277714641554,
		10.872279156798383,
		17.663104343446953,
		16.053947827139726,
		14.34015675396024,
		12.588766806995586,
		10.860997596456826,
		9.20902146089833,
		7.673870945369433,
		6.284529020601835,
		5.0581094147254415,
		4.000929896011713
	],
	[
		9.161367508428436,
		9.52347904145676,
		9.747580387304682,
		9.823446640923693,
		9.747580387304682,
		9.52347904145676,
		9.161367508428436,
		8.67742462665765,
		8.092584908062685,
		7.431039151052182,
		6.718583268058861,
		5.980971440095466,
		17.48655462192139,
		14.67299338977127,
		11.98429096535639,
		9.527635132118823,
		7.372877859470274,
		5.5535170718511,
		4.07172400925853,
		2.905813279579524,
		2.0185347257598845,
		1.3648467687080388,
		0.8982779026567821,
		0.5754620472784344,
		0.3588407917729652,
		0.2178041125535455,
		20.0,
		20.0,
		20.0,
		20.0,
		20.0,
		20.0,
		20.0,
		19.46814283205578,
		18.00598072081038,
		16.454794462676148,
		14.857699386728962,
		13.255438419346582,
		11.684766816799307,
		10.177226207296055,
		19.43355356618721,
		17.663104343446953,
		15.77753259035683,
		13.850593265999239,
		11.949642286480678,
		10.13208144914409,
		8.443056168219508,
		6.91445450275192,
		5.565105563743732,
		4.401960376662198
	],
	[
		7.547162126077629,
		7.845470696820261,
		8.03008605999944,
		8.092584908062685,
		8.03008605999944,
		7.845470696820261,
		7.547162126077629,
		7.1484885235695845,
		6.66669580322024,
		6.1217124175648046,
		5.534789116902371,
		4.9271422730626595,
		18.20897603174511,
		15.27917824437289,
		12.479397552223823,
		9.921249983829101,
		7.677473300531002,
		5.782949325332144,
		4.239938998590628,
		3.025861040359495,
		2.101926379169615,
		1.4212326347726645,
		0.9353884257347412,
		0.5992360903923232,
		0.3736655686543934,
		0.22680224611720848,
		20.0,
		20.0,
		20.0,
		20.0,
		20.0,
		20.0,
		19.23569791032408,
		18.00598072081038,
		16.65363483898166,
		15.218951001940912,
		13.74180634593114,
		12.25988378468457,
		10.807178057273171,
		9.412861846183,
		20.0,
		19.098948622383322,
		17.060097617721382,
		14.976516247269393,
		12.921035829696933,
		10.95572438866328,
		9.12939723602699,
		7.476534630157469,
		6.017496311712275,
		4.7597983591615725
	],
	[
		6.1217124175648046,
		6.363678768793867,
		6.513425407645336,
		6.564119955858399,
		6.513425407645336,
		6.363678768793867,
		6.1217124175648046,
		5.798337206822221,
		5.407541775429024,
		4.965490643679019,
		4.489420884238108,
		3.996541684442664,
		18.456355609481033,
		15.486754807473165,
		12.648937458887755,
		10.056035961213741,
		7.781776260777262,
		5.861514070525661,
		4.297541047012728,
		3.0669691304106186,
		2.1304822770523115,
		1.4405409104517382,
		0.9480962239862147,
		0.6073770627757754,
		0.3787420337135502,
		0.22988348713681442,
		20.0,
		20.0,
		20.0,
		19.941493238481353,
		19.35157136752636,
		18.554883010627776,
		17.578573495566115,
		16.454794462676148,
		15.218951001940912,
		13.907862868310694,
		12.557971846924142,
		11.203714529146817,
		9.876157061994805,
		8.601958948311966,
		20.0,
		20.0,
		18.129305879153186,
		15.915140120230964,
		13.730836486465602,
		11.642352993540705,
		9.701564357539427,
		7.9451118196069315,
		6.394631127338116,
		5.0581094147254415
	],
	[
		4.889090066035049,
		5.082335877568832,
		5.201930650157332,
		5.242417722264717,
		5.201930650157332,
		5.082335877568832,
		4.889090066035049,
		4.6308272757237585,
		4.318719497515451,
		3.965676484466135,
		3.585464580858263,
		3.1918278604267285,
		18.20897603174511,
		15.27917824437289,
		12.479397552223823,
		9.921249983829101,
		7.677473300531002,
		5.782949325332144,
		4.239938998590628,
		3.025861040359495,
		2.101926379169615,
		1.4212326347726645,
		0.9353884257347412,
		0.5992360903923232,
		0.3736655686543934,
		0.22680224611720848,
		18.33334219051192,
		18.4437799688338,
		18.33334219051192,
		18.00598072081038,
		17.473316405848138,
		16.753954268657324,
		15.87240492350494,
		14.857699386728962,
		13.74180634593114,
		12.557971846924142,
		11.339100651291837,
		10.116286950066126,
		8.91758162376793,
		7.767056615681155,
		20.0,
		20.0,
		18.933812838264256,
		16.621391151974912,
		14.34015675396024,
		12.15899461601459,
		10.13208144914409,
		8.297684487992399,
		6.678399589141577,
		5.2825683240304615
	],
	[
		3.8445810585132802,
		3.996541684442664,
		4.090586136719206,
		4.1224235192252205,
		4.090586136719206,
		3.996541684442664,
		3.8445810585132802,
		3.641493731763581,
		3.3960649022457328,
		3.1184462733235194,
		2.819463136770759,
		2.5099232717108224,
		17.48655462192139,
		14.67299338977127,
		11.98429096535639,
		9.527635132118823,
		7.372877859470274,
		5.5535170718511,
		4.07172400925853,
		2.905813279579524,
		2.0185347257598845,
		1.3648467687080388,
		0.8982779026567821,
		0.5754620472784344,
		0.3588407917729652,
		0.2178041125535455,
		16.35626634391351,
		16.454794462676148,
		16.35626634391351,
		16.064207681966735,
		15.588986125695904,
		14.947200324102724,
		14.160717655815585,
		13.255438419346582,
		12.25988378468457,
		11.203714529146817,
		10.116286950066126,
		9.025342026963921,
		7.9559056208214605,
		6.929453745759662,
		20.0,
		20.0,
		19.43355356618721,
		17.060097617721382,
		14.718652117570812,
		12.47992019355798,
		10.399508501583153,
		8.516694305060202,
		6.8546698576050495,
		5.421996898829649
	],
	[
		2.9767055415349133,
		3.094362584113703,
		3.1671774468988962,
		3.1918278604267285,
		3.1671774468988962,
		3.094362584113703,
		2.9767055415349133,
		2.819463136770759,
		2.629437397747657,
		2.4144883828696493,
		2.1829976831401314,
		1.9433333302168005,
		16.345647278352104,
		13.71565638013831,
		11.202377897546821,
		8.906006164943316,
		6.891835671630487,
		5.19117877554833,
		3.806065054502125,
		2.7162239761751037,
		1.886835763805307,
		1.27579756862641,
		0.8396699105242228,
		0.5379161218585506,
		0.33542828408590153,
		0.2035935195096525,
		14.847024367754816,
		17.20889134571032,
		19.603047958773924,
		20.0,
		20.0,
		20.0,
		20.0,
		20.0,
		20.0,
		20.0,
		20.0,
		20.0,
		20.0,
		20.0,
		20.0,
		20.0,
		19.603047958773924,
		17.20889134571032,
		14.847024367754816,
		12.588766806995586,
		10.490210306102483,
		8.59097469455081,
		6.91445450275192,
		5.469286143580704
	],
	[
		2.2692826877436367,
		2.358978187043003,
		2.4144883828696493,
		2.4332805528992005,
		2.4144883828696493,
		2.358978187043003,
		2.2692826877436367,
		2.149409404366579,
		2.004543842834262,
		1.8406780954823445,
		1.6642018434849835,
		1.4814944310891456,
		14.872334577466587,
		12.479397552223823,
		10.19265308484801,
		8.103264506963619,
		6.27064099793429,
		4.723272580563207,
		3.463005896935388,
		2.4713974964156566,
		1.716766078098762,
		1.1608037277825836,
		0.7639863770024192,
		0.48943112515885556,
		0.30519450118551494,
		0.18524264523691483,
		14.718652117570812,
		17.060097617721382,
		19.43355356618721,
		20.0,
		20.0,
		20.0,
		20.0,
		20.0,
		20.0,
		20.0,
		20.0,
		20.0,
		20.0,
		20.0,
		20.0,
		20.0,
		19.43355356618721,
		17.060097617721382,
		14.718652117570812,
		12.47992019355798,
		10.399508501583153,
		8.516694305060202,
		6.8546698576050495,
		5.421996898829649
	],
	[
		1.703362939053535,
		1.7706899363164263,
		1.8123568519551871,
		1.8264625806709678,
		1.8123568519551871,
		1.7706899363164263,
		1.703362939053535,
		1.6133839737223503,
		1.504645370994683,
		1.3816448992918386,
		1.2491787641122374,
		1.1120354118774896,
		13.171502562728532,
		11.052226937488928,
		9.026999461906104,
		7.176557833875712,
		5.5535170718511,
		4.183109018648183,
		3.0669691304106186,
		2.188763188993878,
		1.5204330348742827,
		1.0280517289113875,
		0.6766152597066704,
		0.433458734116719,
		0.2702918047974972,
		0.16405789983782512,
		14.34015675396024,
		16.621391151974912,
		18.933812838264256,
		20.0,
		20.0,
		20.0,
		20.0,
		20.0,
		20.0,
		20.0,
		20.0,
		20.0,
		20.0,
		20.0,
		20.0,
		20.0,
		18.933812838264256,
		16.621391151974912,
		14.34015675396024,
		12.15899461601459,
		10.13208144914409,
		8.297684487992399,
		6.678399589141577,
		5.2825683240304615
	],
	[
		11.354568746120735,
		13.171502562728532,
		14.872334577466587,
		16.345647278352104,
		17.48655462192139,
		18.20897603174511,
		18.456355609481033,
		18.20897603174511,
		17.48655462192139,
		16.345647278352104,
		14.872334577466587,
		13.171502562728532,
		11.354568746120735,
		9.527635132118823,
		7.781776260777262,
		6.186592524063007,
		4.787440998077425,
		3.6060729365199435,
		2.6438981936669452,
		1.886835763805307,
		1.3106979508324785,
		0.8862378437767617,
		0.5832800353965256,
		0.3736655686543934,
		0.23300658861584453,
		0.1414270462448202,
		13.730836486465602,
		15.915140120230964,
		18.129305879153186,
		20.0,
		20.0,
		20.0,
		20.0,
		20.0,
		20.0,
		20.0,
		20.0,
		20.0,
		20.0,
		20.0,
		20.0,
		20.0,
		18.129305879153186,
		15.915140120230964,
		13.730836486465602,
		11.642352993540705,
		9.701564357539427,
		7.9451118196069315,
		6.394631127338116,
		5.0581094147254415
	],
	[
		9.527635132118823,
		11.052226937488928,
		12.479397552223823,
		13.71565638013831,
		14.67299338977127,
		15.27917824437289,
		15.486754807473165,
		15.27917824437289,
		14.67299338977127,
		13.71565638013831,
		12.479397552223823,
		11.052226937488928,
		9.527635132118823,
		7.994652482226438,
		6.529699766695245,
		5.19117877554833,
		4.017148697242425,
		3.025861040359495,
		2.2184988156712535,
		1.5832466308252813,
		1.0998085548792087,
		0.7436434623433406,
		0.48943112515885556,
		0.31354332156305553,
		0.1955161670468494,
		0.11867163998582521,
		12.921035829696933,
		14.976516247269393,
		17.060097617721382,
		19.098948622383322,
		20.0,
		20.0,
		20.0,
		20.0,
		20.0,
		20.0,
		20.0,
		20.0,
		20.0,
		20.0,
		20.0,
		19.098948622383322,
		17.060097617721382,
		14.976516247269393,
		12.921035829696933,
		10.95572438866328,
		9.12939723602699,
		7.476534630157469,
		6.017496311712275,
		4.7597983591615725
	],
	[
		7.781776260777262,
		9.026999461906104,
		10.19265308484801,
		11.202377897546821,
		11.98429096535639,
		12.479397552223823,
		12.648937458887755,
		12.479397552223823,
		11.98429096535639,
		11.202377897546821,
		10.19265308484801,
		9.026999461906104,
		7.781776260777262,
		6.529699766695245,
		5.333187294628461,
		4.239938998590628,
		3.2810400413876324,
		2.4713974964156566,
		1.8119775976888992,
		1.2931300239634425,
		0.8982779026567821,
		0.6073770627757754,
		0.39974699474030906,
		0.2560891493671242,
		0.15968947658315508,
		0.09692606172081975,
		11.949642286480678,
		13.850593265999239,
		15.77753259035683,
		17.663104343446953,
		19.43355356618721,
		20.0,
		20.0,
		20.0,
		20.0,
		20.0,
		20.0,
		20.0,
		20.0,
		20.0,
		19.43355356618721,
		17.663104343446953,
		15.77753259035683,
		13.850593265999239,
		11.949642286480678,
		10.13208144914409,
		8.443056168219508,
		6.91445450275192,
		5.565105563743732,
		4.401960376662198
	],
	[
		6.186592524063007,
		7.176557833875712,
		8.103264506963619,
		8.906006164943316,
		9.527635132118823,
		9.921249983829101,
		10.056035961213741,
		9.921249983829101,
		9.527635132118823,
		8.906006164943316,
		8.103264506963619,
		7.176557833875712,
		6.186592524063007,
		5.19117877554833,
		4.239938998590628,
		3.3707953084407998,
		2.6084607306831846,
		1.9647865426788798,
		1.4405409104517382,
		1.0280517289113875,
		0.7141402130922192,
		0.4828710399700753,
		0.3178029907698777,
		0.2035935195096525,
		0.12695478370155622,
		0.07705722045123406,
		10.860997596456826,
		12.588766806995586,
		14.34015675396024,
		16.053947827139726,
		17.663104343446953,
		19.098948622383322,
		20.0,
		20.0,
		20.0,
		20.0,
		20.0,
		20.0,
		20.0,
		19.098948622383322,
		17.663104343446953,
		16.053947827139726,
		14.34015675396024,
		12.588766806995586,
		10.860997596456826,
		9.20902146089833,
		7.673870945369433,
		6.284529020601835,
		5.0581094147254415,
		4.000929896011713
	],
	[
		4.787440998077425,
		5.5535170718511,
		6.27064099793429,
		6.891835671630487,
		7.372877859470274,
		7.677473300531002,
		7.781776260777262,
		7.677473300531002,
		7.372877859470274,
		6.891835671630487,
		6.27064099793429,
		5.5535170718511,
		4.787440998077425,
		4.017148697242425,
		3.2810400413876324,
		2.6084607306831846,
		2.0185347257598845,
		1.5204330348742827,
		1.1147500966453165,
		0.7955489190522012,
		0.5526312135857452,
		0.3736655686543934,
		0.24592908962494964,
		0.15754908028163828,
		0.09824285889702013,
		0.05963006209819854,
		9.701564357539427,
		11.2448907455763,
		12.809316309133017,
		14.34015675396024,
		15.77753259035683,
		17.060097617721382,
		18.129305879153186,
		18.933812838264256,
		19.43355356618721,
		19.603047958773924,
		19.43355356618721,
		18.933812838264256,
		18.129305879153186,
		17.060097617721382,
		15.77753259035683,
		14.34015675396024,
		12.809316309133017,
		11.2448907455763,
		9.701564357539427,
		8.225939981978525,
		6.8546698576050495,
		5.613642964996423,
		4.518146107540207,
		3.5738226190956754
	],
	[
		3.6060729365199435,
		4.183109018648183,
		4.723272580563207,
		5.19117877554833,
		5.5535170718511,
		5.782949325332144,
		5.861514070525661,
		5.782949325332144,
		5.5535170718511,
		5.19117877554833,
		4.723272580563207,
		4.183109018648183,
		3.6060729365199435,
		3.025861040359495,
		2.4713974964156566,
		1.9647865426788798,
		1.5204330348742827,
		1.1452449066323436,
		0.8396699105242228,
		0.5992360903923232,
		0.41626172813158924,
		0.2814583605260236,
		0.18524264523691483,
		0.11867163998582521,
		0.07400005865704928,
		0.044915509814464745,
		8.516694305060202,
		9.871531378282121,
		11.2448907455763,
		12.588766806995586,
		13.850593265999239,
		14.976516247269393,
		15.915140120230964,
		16.621391151974912,
		17.060097617721382,
		17.20889134571032,
		17.060097617721382,
		16.621391151974912,
		15.915140120230964,
		14.976516247269393,
		13.850593265999239,
		12.588766806995586,
		11.2448907455763,
		9.871531378282121,
		8.516694305060202,
		7.221290671935725,
		6.017496311712275,
		4.928038335742393,
		3.9663365417571774,
		3.1373450327826458
	],
	[
		2.6438981936669452,
		3.0669691304106186,
		3.463005896935388,
		3.806065054502125,
		4.07172400925853,
		4.239938998590628,
		4.297541047012728,
		4.239938998590628,
		4.07172400925853,
		3.806065054502125,
		3.463005896935388,
		3.0669691304106186,
		2.6438981936669452,
		2.2184988156712535,
		1.8119775976888992,
		1.4405409104517382,
		1.1147500966453165,
		0.8396699105242228,
		0.6156286350253083,
		0.43934752426201884,
		0.30519450118551494,
		0.2063594564189144,
		0.13581608130328438,
		0.08700759527643068,
		0.05425531453710197,
		0.03293112406669605,
		0.0,
		0.0,
		3.863303691689536,
		4.742147843689559,
		5.726246389641082,
		6.802110347893159,
		7.948698347733848,
		9.137493045988206,
		10.333246836994066,
		11.495430732648392,
		12.580340466084447,
		13.54372856514364,
		14.343752690859846,
		14.943971712285283,
		15.31609268018231,
		15.442180883282496,
		15.31609268018231,
		14.943971712285283,
		14.343752690859846,
		13.54372856514364,
		12.580340466084447,
		11.495430732648392,
		10.333246836994066,
		9.137493045988206
	],
	[
		1.886835763805307,
		2.188763188993878,
		2.4713974964156566,
		2.7162239761751037,
		2.905813279579524,
		3.025861040359495,
		3.0669691304106186,
		3.025861040359495,
		2.905813279579524,
		2.7162239761751037,
		2.4713974964156566,
		2.188763188993878,
		1.886835763805307,
		1.5832466308252813,
		1.2931300239634425,
		1.0280517289113875,
		0.7955489190522012,
		0.5992360903923232,
		0.43934752426201884,
		0.31354332156305553,
		0.2178041125535455,
		0.14726981678163628,
		0.09692606172081975,
		0.06209355673509249,
		0.038719670859613205,
		0.02350151862132521,
		0.0,
		0.0,
		4.441093254899766,
		5.4513759422151145,
		6.5826547034430805,
		7.819423166264471,
		9.137493045988206,
		10.504081990894356,
		11.878670819409294,
		13.214669092350228,
		14.461836202122752,
		15.569307094920047,
		16.488981558027422,
		17.178968382839866,
		17.60674317157554,
		17.751688926038298,
		17.60674317157554,
		17.178968382839866,
		16.488981558027422,
		15.569307094920047,
		14.461836202122752,
		13.214669092350228,
		11.878670819409294,
		10.504081990894356
	],
	[
		1.3106979508324785,
		1.5204330348742827,
		1.716766078098762,
		1.886835763805307,
		2.0185347257598845,
		2.101926379169615,
		2.1304822770523115,
		2.101926379169615,
		2.0185347257598845,
		1.886835763805307,
		1.716766078098762,
		1.5204330348742827,
		1.3106979508324785,
		1.0998085548792087,
		0.8982779026567821,
		0.7141402130922192,
		0.5526312135857452,
		0.41626172813158924,
		0.30519450118551494,
		0.2178041125535455,
		0.15129849109446672,
		0.10230156263620759,
		0.06733007340476166,
		0.04313353559106262,
		0.026896773013382246,
		0.01632542317106553,
		0.0,
		0.0,
		5.0222651440634465,
		6.164755795561629,
		7.4440763512527575,
		8.842691238533474,
		10.333246836994066,
		11.878670819409294,
		13.43314156898273,
		14.943971712285283,
		16.35434603786883,
		17.60674317157554,
		18.646768393935726,
		19.427048514443296,
		19.910802916269017,
		20.0,
		19.910802916269017,
		19.427048514443296,
		18.646768393935726,
		17.60674317157554,
		16.35434603786883,
		14.943971712285283,
		13.43314156898273,
		11.878670819409294
	],
	[
		0.8862378437767617,
		1.0280517289113875,
		1.1608037277825836,
		1.27579756862641,
		1.3648467687080388,
		1.4212326347726645,
		1.4405409104517382,
		1.4212326347726645,
		1.3648467687080388,
		1.27579756862641,
		1.1608037277825836,
		1.0280517289113875,
		0.8862378437767617,
		0.7436434623433406,
		0.6073770627757754,
		0.4828710399700753,
		0.3736655686543934,
		0.2814583605260236,
		0.2063594564189144,
		0.14726981678163628,
		0.10230156263620759,
		0.06917193715617075,
		0.04552571325656523,
		0.029165050233283918,
		0.018186446469068664,
		0.011038552261929568,
		0.0,
		0.0,
		5.587121066138225,
		6.858108041884969,
		8.281314229135857,
		9.837231823287057,
		11.495430732648392,
		13.214669092350228,
		14.943971712285283,
		16.62472545165729,
		18.193725072261305,
		19.586979750815075,
		20.0,
		20.0,
		20.0,
		20.0,
		20.0,
		20.0,
		20.0,
		19.586979750815075,
		18.193725072261305,
		16.62472545165729,
		14.943971712285283,
		13.214669092350228
	],
	[
		0.5832800353965256,
		0.6766152597066704,
		0.7639863770024192,
		0.8396699105242228,
		0.8982779026567821,
		0.9353884257347412,
		0.9480962239862147,
		0.9353884257347412,
		0.8982779026567821,
		0.8396699105242228,
		0.7639863770024192,
		0.6766152597066704,
		0.5832800353965256,
		0.48943112515885556,
		0.39974699474030906,
		0.3178029907698777,
		0.24592908962494964,
		0.18524264523691483,
		0.13581608130328438,
		0.09692606172081975,
		0.06733007340476166,
		0.04552571325656523,
		0.029962881664563953,
		0.01919506332511835,
		0.011969463067622551,
		0.007265055537039904,
		0.0,
		0.0,
		6.114419448209594,
		7.505358966242714,
		9.06288376069895,
		10.765644929621544,
		12.580340466084447,
		14.461836202122752,
		16.35434603786883,
		18.193725072261305,
		19.910802916269017,
		20.0,
		20.0,
		20.0,
		20.0,
		20.0,
		20.0,
		20.0,
		20.0,
		20.0,
		19.910802916269017,
		18.193725072261305,
		16.35434603786883,
		14.461836202122752
	],
	[
		0.3736655686543934,
		0.433458734116719,
		0.48943112515885556,
		0.5379161218585506,
		0.5754620472784344,
		0.5992360903923232,
		0.6073770627757754,
		0.5992360903923232,
		0.5754620472784344,
		0.5379161218585506,
		0.48943112515885556,
		0.433458734116719,
		0.3736655686543934,
		0.31354332156305553,
		0.2560891493671242,
		0.2035935195096525,
		0.15754908028163828,
		0.11867163998582521,
		0.08700759527643068,
		0.06209355673509249,
		0.04313353559106262,
		0.029165050233283918,
		0.01919506332511835,
		0.012296896546204274,
		0.007667974132888649,
		0.0046541985732603715,
		0.0,
		0.0,
		6.5826547034430805,
		8.080110780530923,
		9.75690904417617,
		11.590065717902679,
		13.54372856514364,
		15.569307094920047,
		17.60674317157554,
		19.586979750815075,
		20.0,
		20.0,
		20.0,
		20.0,
		20.0,
		20.0,
		20.0,
		20.0,
		20.0,
		20.0,
		20.0,
		19.586979750815075,
		17.60674317157554,
		15.569307094920047
	],
	[
		0.23300658861584453,
		0.2702918047974972,
		0.30519450118551494,
		0.33542828408590153,
		0.3588407917729652,
		0.3736655686543934,
		0.3787420337135502,
		0.3736655686543934,
		0.3588407917729652,
		0.33542828408590153,
		0.30519450118551494,
		0.2702918047974972,
		0.23300658861584453,
		0.1955161670468494,
		0.15968947658315508,
		0.12695478370155622,
		0.09824285889702013,
		0.07400005865704928,
		0.05425531453710197,
		0.038719670859613205,
		0.026896773013382246,
		0.018186446469068664,
		0.011969463067622551,
		0.007667974132888649,
		0.004781517603382532,
		0.0029022179811786617,
		0.0,
		0.0,
		6.971490211234275,
		8.557400585313408,
		10.333246836994066,
		12.27468754477699,
		14.343752690859846,
		16.488981558027422,
		18.646768393935726,
		20.0,
		20.0,
		20.0,
		20.0,
		20.0,
		20.0,
		20.0,
		20.0,
		20.0,
		20.0,
		20.0,
		20.0,
		20.0,
		18.646768393935726,
		16.488981558027422
	],
	[
		0.1414270462448202,
		0.16405789983782512,
		0.18524264523691483,
		0.2035935195096525,
		0.2178041125535455,
		0.22680224611720848,
		0.22988348713681442,
		0.22680224611720848,
		0.2178041125535455,
		0.2035935195096525,
		0.18524264523691483,
		0.16405789983782512,
		0.1414270462448202,
		0.11867163998582521,
		0.09692606172081975,
		0.07705722045123406,
		0.05963006209819854,
		0.044915509814464745,
		0.03293112406669605,
		0.02350151862132521,
		0.01632542317106553,
		0.011038552261929568,
		0.007265055537039904,
		0.0046541985732603715,
		0.0029022179811786617,
		0.0017615472552727305,
		0.0,
		0.0,
		7.26321449863993,
		8.91548781087853,
		10.765644929621544,
		12.788325858627994,
		14.943971712285283,
		17.178968382839866,
		19.427048514443296,
		20.0,
		20.0,
		20.0,
		20.0,
		20.0,
		20.0,
		20.0,
		20.0,
		20.0,
		20.0,
		20.0,
		20.0,
		20.0,
		19.427048514443296,
		17.178968382839866
	],
	[
		0.0,
		0.0,
		0.0,
		0.0,
		0.0,
		0.0,
		0.0,
		0.0,
		0.0,
		0.0,
		0.0,
		0.0,
		0.0,
		0.0,
		0.0,
		0.0,
		0.0,
		0.0,
		0.0,
		0.0,
		0.0,
		0.0,
		0.0,
		0.0,
		0.0,
		0.0,
		0.0,
		0.0,
		7.4440763512527575,
		9.137493045988206,
		11.033721066834325,
		13.106768926369018,
		15.31609268018231,
		17.60674317157554,
		19.910802916269017,
		20.0,
		20.0,
		20.0,
		20.0,
		20.0,
		20.0,
		20.0,
		20.0,
		20.0,
		20.0,
		20.0,
		20.0,
		20.0,
		19.910802916269017,
		17.60674317157554
	],
	[
		0.0,
		0.0,
		0.0,
		0.0,
		0.0,
		0.0,
		0.0,
		0.0,
		0.0,
		0.0,
		0.0,
		0.0,
		0.0,
		0.0,
		0.0,
		0.0,
		0.0,
		0.0,
		0.0,
		0.0,
		0.0,
		0.0,
		0.0,
		0.0,
		0.0,
		0.0,
		0.0,
		0.0,
		7.505358966242714,
		9.212716544766057,
		11.124555073383917,
		13.214669092350228,
		15.442180883282496,
		17.751688926038298,
		20.0,
		20.0,
		20.0,
		20.0,
		20.0,
		20.0,
		20.0,
		20.0,
		20.0,
		20.0,
		20.0,
		20.0,
		20.0,
		20.0,
		20.0,
		17.751688926038298
	],
	[
		0.0,
		0.0,
		0.0,
		0.0,
		0.0,
		0.0,
		0.0,
		0.0,
		0.0,
		0.0,
		0.0,
		0.0,
		0.0,
		0.0,
		0.0,
		0.0,
		0.0,
		0.0,
		0.0,
		0.0,
		0.0,
		0.0,
		0.0,
		0.0,
		0.0,
		0.0,
		0.0,
		0.0,
		7.4440763512527575,
		9.137493045988206,
		11.033721066834325,
		13.106768926369018,
		15.31609268018231,
		17.60674317157554,
		19.910802916269017,
		20.0,
		20.0,
		20.0,
		20.0,
		20.0,
		20.0,
		20.0,
		20.0,
		20.0,
		20.0,
		20.0,
		20.0,
		20.0,
		19.910802916269017,
		17.60674317157554
	],
	[
		0.0,
		0.0,
		0.0,
		0.0,
		0.0,
		0.0,
		0.0,
		0.0,
		0.0,
		0.0,
		0.0,
		0.0,
		0.0,
		0.0,
		0.0,
		0.0,
		0.0,
		0.0,
		0.0,
		0.0,
		0.0,
		0.0,
		0.0,
		0.0,
		0.0,
		0.0,
		0.0,
		0.0,
		7.26321449863993,
		8.91548781087853,
		10.765644929621544,
		12.788325858627994,
		14.943971712285283,
		17.178968382839866,
		19.427048514443296,
		20.0,
		20.0,
		20.0,
		20.0,
		20.0,
		20.0,
		20.0,
		20.0,
		20.0,
		20.0,
		20.0,
		20.0,
		20.0,
		19.427048514443296,
		17.178968382839866
	],
	[
		0.0,
		0.0,
		0.0,
		0.0,
		0.0,
		0.0,
		0.0,
		0.0,
		0.0,
		0.0,
		0.0,
		0.0,
		0.0,
		0.0,
		0.0,
		0.0,
		0.0,
		0.0,
		0.0,
		0.0,
		0.0,
		0.0,
		0.0,
		0.0,
		0.0,
		0.0,
		0.0,
		0.0,
		6.971490211234275,
		8.557400585313408,
		10.333246836994066,
		12.27468754477699,
		14.343752690859846,
		16.488981558027422,
		18.646768393935726,
		20.0,
		20.0,
		20.0,
		20.0,
		20.0,
		20.0,
		20.0,
		20.0,
		20.0,
		20.0,
		20.0,
		20.0,
		20.0,
		18.646768393935726,
		16.488981558027422
	],
	[
		0.0,
		0.0,
		0.0,
		0.0,
		0.0,
		0.0,
		0.0,
		0.0,
		0.0,
		0.0,
		0.0,
		0.0,
		0.0,
		0.0,
		0.0,
		0.0,
		0.0,
		0.0,
		0.0,
		0.0,
		0.0,
		0.0,
		0.0,
		0.0,
		0.0,
		0.0,
		0.0,
		0.0,
		6.5826547034430805,
		8.080110780530923,
		9.75690904417617,
		11.590065717902679,
		13.54372856514364,
		15.569307094920047,
		17.60674317157554,
		19.586979750815075,
		20.0,
		20.0,
		20.0,
		20.0,
		20.0,
		20.0,
		20.0,
		20.0,
		20.0,
		20.0,
		20.0,
		19.586979750815075,
		17.60674317157554,
		15.569307094920047
	],
	[
		0.0,
		0.0,
		0.0,
		0.0,
		0.0,
		0.0,
		0.0,
		0.0,
		0.0,
		0.0,
		0.0,
		0.0,
		0.0,
		0.0,
		0.0,
		0.0,
		0.0,
		0.0,
		0.0,
		0.0,
		0.0,
		0.0,
		0.0,
		0.0,
		0.0,
		0.0,
		0.0,
		0.0,
		6.114419448209594,
		7.505358966242714,
		9.06288376069895,
		10.765644929621544,
		12.580340466084447,
		14.461836202122752,
		16.35434603786883,
		18.193725072261305,
		19.910802916269017,
		20.0,
		20.0,
		20.0,
		20.0,
		20.0,
		20.0,
		20.0,
		20.0,
		20.0,
		19.910802916269017,
		18.193725072261305,
		16.35434603786883,
		14.461836202122752
	],
	[
		0.0,
		0.0,
		0.0,
		0.0,
		0.0,
		0.0,
		0.0,
		0.0,
		0.0,
		0.0,
		0.0,
		0.0,
		0.0,
		0.0,
		0.0,
		0.0,
		0.0,
		0.0,
		0.0,
		0.0,
		0.0,
		0.0,
		0.0,
		0.0,
		0.0,
		0.0,
		0.0,
		0.0,
		5.587121066138225,
		6.858108041884969,
		8.281314229135857,
		9.837231823287057,
		11.495430732648392,
		13.214669092350228,
		14.943971712285283,
		16.62472545165729,
		18.193725072261305,
		19.586979750815075,
		20.0,
		20.0,
		20.0,
		20.0,
		20.0,
		20.0,
		20.0,
		19.586979750815075,
		18.193725072261305,
		16.62472545165729,
		14.943971712285283,
		13.214669092350228
	],
	[
		0.0,
		0.0,
		0.0,
		0.0,
		0.0,
		0.0,
		0.0,
		0.0,
		0.0,
		0.0,
		0.0,
		0.0,
		0.0,
		0.0,
		0.0,
		0.0,
		0.0,
		0.0,
		0.0,
		0.0,
		0.0,
		0.0,
		0.0,
		0.0,
		0.0,
		0.0,
		0.0,
		0.0,
		5.0222651440634465,
		6.164755795561629,
		7.4440763512527575,
		8.842691238533474,
		10.333246836994066,
		11.878670819409294,
		13.43314156898273,
		14.943971712285283,
		16.35434603786883,
		17.60674317157554,
		18.646768393935726,
		19.427048514443296,
		19.910802916269017,
		20.0,
		19.910802916269017,
		19.427048514443296,
		18.646768393935726,
		17.60674317157554,
		16.35434603786883,
		14.943971712285283,
		13.43314156898273,
		11.878670819409294
	],
	[
		0.0,
		0.0,
		0.0,
		0.0,
		0.0,
		0.0,
		0.0,
		0.0,
		0.0,
		0.0,
		0.0,
		0.0,
		0.0,
		0.0,
		0.0,
		0.0,
		0.0,
		0.0,
		0.0,
		0.0,
		0.0,
		0.0,
		0.0,
		0.0,
		0.0,
		0.0,
		0.0,
		0.0,
		4.441093254899766,
		5.4513759422151145,
		6.5826547034430805,
		7.819423166264471,
		9.137493045988206,
		10.504081990894356,
		11.878670819409294,
		13.214669092350228,
		14.461836202122752,
		15.569307094920047,
		16.488981558027422,
		17.178968382839866,
		17.60674317157554,
		17.751688926038298,
		17.60674317157554,
		17.178968382839866,
		16.488981558027422,
		15.569307094920047,
		14.461836202122752,
		13.214669092350228,
		11.878670819409294,
		10.504081990894356
	],
	[
		0.0,
		0.0,
		0.0,
		0.0,
		0.0,
		0.0,
		0.0,
		0.0,
		0.0,
		0.0,
		0.0,
		0.0,
		0.0,
		0.0,
		0.0,
		0.0,
		0.0,
		0.0,
		0.0,
		0.0,
		0.0,
		0.0,
		0.0,
		0.0,
		0.0,
		0.0,
		0.0,
		0.0,
		3.863303691689536,
		4.742147843689559,
		5.726246389641082,
		6.802110347893159,
		7.948698347733848,
		9.137493045988206,
		10.333246836994066,
		11.495430732648392,
		12.580340466084447,
		13.54372856514364,
		14.343752690859846,
		14.943971712285283,
		15.31609268018231,
		15.442180883282496,
		15.31609268018231,
		14.943971712285283,
		14.343752690859846,
		13.54372856514364,
		12.580340466084447,
		11.495430732648392,
		10.333246836994066,
		9.137493045988206
	],
	[
		0.0,
		0.0,
		0.0,
		0.0,
		0.0,
		0.0,
		0.0,
		0.0,
		0.0,
		0.0,
		0.0,
		0.0,
		0.0,
		0.0,
		0.0,
		0.0,
		0.0,
		0.0,
		0.0,
		0.0,
		0.0,
		0.0,
		0.0,
		0.0,
		0.0,
		0.0,
		0.0,
		0.0,
		3.306027838606707,
		4.058100019356786,
		4.900243803146479,
		5.820915974010546,
		6.802110347893159,
		7.819423166264471,
		8.842691238533474,
		9.837231823287057,
